0.01 39.46165856139851 -0.32581372254958296 0.002555277109590293 28.922082839009818 -0.2003887851321906 0.0012031596555374337
0.014962406015037594 80.5308512145566 -0.758683197612072 0.006994674095992082 66.58948616255657 -0.5711102820141605 0.0047121121355218065
0.01992481203007519 130.35921213644906 -1.336269280184979 0.013527300969556677 113.64009739793255 -1.0884366094810503 0.010228451121543004
0.024887218045112784 187.08403105025354 -2.043598792836292 0.022136063924187967 168.07910933969833 -1.7375816068888525 0.017753651215920742
0.029849624060150376 249.3789610829117 -2.868869768560671 0.03280052902938451 228.50278023698775 -2.5069061393123775 0.02728056558557057
0.034812030075187975 316.22792302130256 -3.8022107431197583 0.045497686782093184 293.84234333384666 -3.3866706268270264 0.038796524430850354
0.039774436090225566 386.8154548034072 -4.835048255657171 0.0602022896920289 363.2431812230061 -4.3684080077849785 0.052284783003946705
0.044736842105263165 460.4657033335534 -5.959741279930881 0.07688704417920178 435.9985707063606 -5.444563069298738 0.06772530501325776
0.04969924812030076 536.6052452263248 -7.1693517473829615 0.09552274457286956 511.50968207998085 -6.608266511791953 0.08509524141370833
0.05466165413533835 614.7388988257953 -8.457491821348981 0.11607838218003792 589.2597301697388 -7.853184747616638 0.10436925449469925
0.05962406015037595 694.4331899002427 -9.818217739987972 0.13852124337519456 668.7963958665205 -9.173415581185964 0.12551975714295055
0.06458646616541354 775.3046005714205 -11.245953528160157 0.1628170030886878 749.7193856308222 -10.563413302097047 0.14851710285093703
0.06954887218045112 857.0109497982194 -12.73543471802759 0.18892981670995682 831.6713390730365 -12.017933480655529 0.1733297458123161
0.07451127819548872 939.2449026752656 -14.281665949489593 0.2168224118481973 914.3310039503995 -13.531991434160773 0.199924382201921
0.07947368421052632 1021.7289723961294 -15.879888474873951 0.24645618057030846 997.4079961236785 -15.100830453039407 0.22826607924160955
0.0844360902255639 1104.2115963667748 -17.52555489738029 0.2777912723128253 1080.6386969901068 -16.719897158850927 0.25831839610693946
0.0893984962406015 1186.4640025253539 -19.2143092951477 0.3107866874329844 1163.7829859485719 -18.384822176416947 0.29004349919828915
0.0943609022556391 1268.2776680501702 -20.941971418358207 0.34540037122777534 1246.6215975136874 -20.09140482708608 0.3234022733618588
0.09932330827067669 1349.462229513083 -22.704524007028 0.3815893081858093 1328.9539536401498 -21.835600905184833 0.35835443004841494
0.10428571428571429 1429.8437419941838 -24.498102524206843 0.41930961618836027 1410.596362756587 -23.613512842290334 0.394858613003197
0.10924812030075189 1509.26321138793 -26.318986774369705 0.45851664036800915 1491.3805054257318 -25.421381736098283 0.4328725018310408
0.11421052631578947 1587.5753429957767 -28.163594002110358 0.4991650463276628 1571.152146546643 -27.255580843523035 0.4723529136011152
0.11917293233082707 1664.6474630382581 -30.028473157101303 0.5412089124098259 1649.7700284042949 -29.112610227780806 0.5132559025364032
0.12413533834586467 1740.3585797756823 -31.910300081462537 0.5846018207483568 1727.1049094572445 -30.989092317429936 0.5555368577724537
0.12909774436090227 1814.59855820144 -33.805873425205846 0.6292969468114876 1803.0387214340299 -32.881768184170824 0.5991505990894609
0.13406015037593985 1887.267387906395 -35.71211113614743 0.6752471471820741 1877.4638233938458 -34.787494387937045 0.6440514705212892
0.13902255639097746 1958.2745279527662 -37.62604740138249 0.72240504534022 1950.2823355788132 -36.703240264565125 0.690193431698188
0.14398496240601505 2027.5383158177865 -39.54482994059333 0.7707231152162421 2021.4055396344702 -38.62608555834697 0.7375301467888633
0.14894736842105266 2094.9854300386105 -41.46571757111997 0.8201537623127706 2090.7533342160314 -40.55321831840149 0.7860150709024254
0.15390977443609025 2160.550398185842 -43.38607797999941 0.8706494022153152 2158.2537372207153 -42.48193299358252 0.8356015337966469
0.15887218045112783 2224.1751433629943 -45.303385650394375 0.9221625363298529 2223.842427503103 -44.40962867333053 0.8862428207787872
0.16383458646616544 2285.8085636553405 -47.2152198991929 0.9746458246921407 2287.462320247985 -46.333807430940396 0.9378922506630218
0.16879699248120303 2345.4061400281935 -49.119262992176914 1.0280521557426496 2349.0631712439863 -48.25207273438525 0.9905032506759156
0.1737593984962406 2402.9295689170576 -51.01329830849056 1.0823347129514118 2408.6012061726833 -50.162127896854145 1.0440294282184241
0.17872180451127823 2458.3464164463803 -52.89520853244994 1.1374470382106778 2466.0387716861587 -52.0617745440976 1.0984246393941774
0.1836842105263158 2511.629791753807 -54.762973855495375 1.1933430919342485 2521.344005635481 -53.94891108082288 1.1536430542367484
0.1886466165413534 2562.7580373149285 -56.61467017455027 1.2499773098112088 2574.4905242837012 -55.82153114256255 1.2096392185901408
0.193609022556391 2611.714434537218 -58.44846727660672 1.3073046561852708 2625.457124670029 -57.67772202174842 1.2663681125897455
0.1985714285714286 2658.4869231714983 -60.26262700175931 1.3652806740403407 2674.2275006654745 -59.51566306083515 1.3237852057347368
0.20353383458646618 2703.0678333672695 -62.05550137996471 1.4238615316053584 2720.78997146248 -61.333624006513844 1.3818465085325131
0.2084962406015038 2745.4536293409765 -63.82553073745379 1.483004065578139 2765.1372214800613 -63.129963321611626 1.4405086207223932
0.21345864661654138 2785.6446638445486 -65.57124177150916 1.5426658210078246 2807.2660508418558 -64.90312645297678 1.49972877610019
0.21842105263157896 2823.6449427289444 -67.29124559301499 1.6028050878743998 2847.1771357027246 -66.65164405446939 1.5594648839652991
0.22338345864661657 2859.46189900679 -68.98423573722869 1.6633809344134662 2884.874797845365 -68.37413016594661 1.6196755672373984
0.22834586466165416 2893.106175932553 -70.64898614465977 1.7243532372582608 2920.3667830625454 -70.06928035001948 1.6803201972993862
0.23330827067669174 2924.591418656677 -72.28434911377661 1.785682708458738 2953.664047872917 -71.73586978817838 1.7413589256141124
0.23827067669172936 2953.9340741110973 -73.88925322881107 1.847330919469708 2984.780554284709 -73.37275134042557 1.8027527122053457
0.24323308270676694 2981.153198803844 -75.4627012656714 1.9092603221903177 3013.733072237126 -74.97885357067008 1.864463351065841
0.24819548872180452 3006.2702742527526 -77.00376807961294 1.971434267151105 3040.540989514764 -76.55317874254035 1.9264534925890588
0.25315789473684214 3029.30902981094 -78.51159847832452 2.033817018944282 3065.226128902752 -78.09480078956966 1.9886866631151037
0.2581203007518797 3050.295272679381 -79.98540508469102 2.096373769008966 3087.8125723599496 -79.6028632637175 2.0511272816888253
0.2630827067669173 3069.2567249042913 -81.42446619314995 2.1590706458761733 3108.3264920691363 -81.07657726698892 2.113740674128414
0.2680451127819549 3086.222867171062 -82.82812362353314 2.221874722979219 3126.7959881942843 -82.51521937083169 2.1764930845276313
0.27300751879699253 3101.224789243628 -84.19578057694889 2.284754024155892 3143.2509331752262 -83.91812952703378 2.239351684277402
0.2779699248120301 3114.2950468701474 -85.52689949722333 2.3476775269445684 3157.722822452546 -85.28470897544764 2.302284578743428
0.2829323308270677 3125.4675250082564 -86.82099994201434 2.410615163795585 3170.244631465057 -86.61441815225959 2.3652608116975147
0.2878947368421053 3134.7773072248474 -88.07765646751187 2.4735378213179104 3180.850678797009 -87.90677460323633 2.4282503676232694
0.29285714285714287 3142.2605511091733 -89.29649652997682 2.5364173376669115 3189.576495350142 -89.16135090610902 2.491224172014039
0.2978195488721805 3147.954369566316 -90.47719840791427 2.599226498197919 3196.458699405872 -90.37777260581686 2.55415408977363
0.3027819548872181 3151.8967178378734 -91.61948914792362 2.6619390294935474 3201.5348774546474 -91.5557161664542 2.617012921838139
0.30774436090225565 3154.1262861034083 -92.72314253723385 2.724529591875343 3204.843470658914 -92.6949069433058 2.679774400128973
0.31270676691729327 3154.6823975246516 -93.7879771059927 2.786973770516417 3206.4236668242193 -93.79511717840535 2.7424131809530623
0.3176691729323309 3153.6049115751866 -94.81385416161322 2.849248065253036 3206.315297738509 -94.85616402246552 2.8049048369539378
0.32263157894736844 3150.934132515742 -95.80067585779909 2.9113298792062654 3204.5587417535226 -95.87790758626755 2.867225847728426
0.32759398496240605 3146.7107228630375 -96.7483833003169 2.9731975063117817 3201.1948314652964 -96.86024902391853 2.9293535892080245
0.33255639097744366 3140.9756217040085 -97.65695469150359 3.034830117857054 3196.264766356002 -97.8031286503811 2.991266321907718
0.3375187969924812 3133.769967704311 -98.52640351521097 3.0962077481191517 3189.810030260078 -98.70652409551315 3.0529431781436416
0.34248120300751883 3125.1350266629306 -99.35677676379083 3.157311279196806 3181.8723135113323 -99.57044849650703 3.114364148314326
0.34744360902255644 3115.1121234596176 -100.14815320835555 3.218122425121109 3172.4934396236513 -100.39494873029054 3.1755100663328193
0.352406015037594 3103.742578246116 -100.90064171350127 3.2786237153306104 3161.7152963682456 -101.18010368761253 3.2363625943056338
0.3573684210526316 3091.0676467295452 -101.6143795973768 3.338798477588705 3149.579771096316 -101.92602258989473 3.296904206536709
0.3623308270676692 3077.128464401747 -102.28953103797528 3.3986308204234477 3136.128690165515 -102.63284335005363 3.3571181729412576
0.3672932330827068 3061.965994559083 -102.92628552601144 3.4581056151547234 3121.40376232215 -103.3007309780993 3.4169885419437396
0.3722556390977444 3045.6209799726967 -103.52485636505264 3.5172084775852483 3105.4465258975624 -103.92987603233092 3.4765001229367503
0.377218045112782 3028.1338980565224 -104.08547921895246 3.5759257494129133 3088.2982996699875 -104.52049311653678 3.5356384683661064
0.38218045112781956 3009.544919392507 -104.6084107068375 3.634244479429482 3070.000137252182 -105.0728194236936 3.594389855511507
0.3871428571428572 2989.893869469579 -105.09392704559724 3.6921524045616865 3050.592784860075 -105.58711332630259 3.6527412680218334
0.3921052631578948 2969.2201934943696 -105.54232273967497 3.749637930806033 3030.116642324162 -106.06365301352935 3.710680377266225
0.39706766917293235 2947.5629241385177 -105.9539093179896 3.806690114110278 3008.6117272029596 -106.50273517501586 3.768195523552335
0.40203007518796996 2924.9606520851466 -106.32901411754628 3.86329864124546 2986.1176418616988 -106.90467373123158 3.825275697265977
0.4069924812030076 2901.451499243848 -106.66797911332702 3.919453810713456 2962.6735433858867 -107.26979861009582 3.8819105199760884
0.41195488721804513 2877.073094502083 -106.97115979380595 3.975146513726314 2938.3181161934026 -107.59845456948088 3.93809022555528
0.41691729323308274 2851.8625518919052 -107.23892408163886 4.030368215300846 2913.0895472163547 -107.89100006498373 3.9938056413476914
0.42187969924812035 2825.85645104184 -107.47165129855173 4.085110935492444 2887.0255035310674 -108.14780616261581 4.04904816943242
0.4268421052631579 2799.0908198015413 -107.66973117391706 4.139367230808546 2860.163112311957 -108.36925549563094 4.1038097680094925
0.4318045112781955 2771.6011189184183 -107.8335628960078 4.193130175823292 2832.538942980538 -108.55574126463992 4.1580829329431115
0.43676691729323314 2743.422228655484 -107.96355420511509 4.246393345021261 2804.188991450328 -108.70766628057001 4.211860679492924
0.4417293233082707 2714.588437240952 -108.06012052757904 4.299150794892323 2775.1486663394453 -108.82544204930554 4.265136524256522
0.4466917293233083 2685.133431045051 -108.12368414979989 4.3513970462992235 2745.452777048278 -108.90948789727497 4.317904467348832
0.4516541353383459 2655.0902863818037 -108.15467343121131 4.403127067135405 2715.135523595218 -108.96023013703973 4.370158974839927
0.4566165413533835 2624.4914628371216 -108.15352205516376 4.4543362552877115 2684.2304881080363 -108.97810127192437 4.421894961470559
0.4615789473684211 2593.368798030895 -108.12066831676205 4.505020421921744 2652.770627871313 -108.96353923866457 4.473107773661169
0.4665413533834587 2561.7535037190955 -108.05655444645905 4.555175775096031 2620.788269835537 -108.91698668709245 4.523793172830558
0.47150375939849626 2529.6761631541785 -107.96162596856237 4.604798903724969 2588.3151064961176 -108.83889029582286 4.5739473190373445
0.47646616541353387 2497.1667296131054 -107.83633109328005 4.653886761886631 2555.382193053216 -108.72970012284841 4.623566754953354
0.4814285714285715 2464.2545260200186 -107.68112014151399 4.702436653494624 2522.01994577001 -108.58986899007684 4.672648390182348
0.48639097744360904 2430.968245582304 -107.49644500113052 4.750446217331737 2488.258141445943 -108.4198519006483 4.721189485927783
0.49135338345864665 2397.3359533695025 -107.2827586137353 4.797913412453773 2454.1259179286794 -108.22010548801808 4.769187640017951
0.49631578947368427 2363.3850887636404 -107.04051449081541 4.844836503963791 2419.651775591162 -107.99108749577093 4.816640772294917
0.5012781954887219 2329.1424687166877 -106.77016625828654 4.891214049162859 2384.863579701499 -107.73325628704532 4.863547110368147
0.5062406015037594 2294.634291749072 -106.47216722827233 4.937044884072437 2349.7885636187166 -107.44707038254009 4.909905175736253
0.511203007518797 2259.886142632104 -106.14696999722372 4.982328110334656 2314.4533327514446 -107.13298802613099 4.955713770281332
0.5161654135338346 2224.922997694444 -105.79502606923555 5.027063082483631 2278.8838692153035 -106.79146677693274 5.000971963130235
0.5211278195488722 2189.7692307006037 -105.41678550366419 5.0712493955906695 2243.105537134063 -106.42296312694094 5.045679077888664
0.5260902255639098 2154.4486192485488 -105.01269658599497 5.114886873277424 2207.1430885268924 -106.02793214314829 5.089834680242046
0.5310526315789474 2118.9843516387355 -104.5832055210445 5.157975556095831 2171.020669730734 -105.60682713321816 5.133438565923554
0.536015037593985 2083.3990341684203 -104.12875614754944 5.200515690270293 2134.7618283078505 -105.16009933374283 5.176490749046025
0.5409774436090226 2047.7146988073082 -103.64978967320585 5.242507716796935 2098.38952039073 -104.6881976201033 5.218991450792051
0.5459398496240602 2011.952811214523 -103.14674442930422 5.283952260896465 2061.926118422008 -104.19156823711 5.260941088462762
0.5509022556390978 1976.1342790576705 -102.6200556440653 5.324850121814281 2025.3934192452643 -103.67065454941533 5.302340264875319
0.5558646616541354 1940.2794605977997 -102.07015523383359 5.365202262962007 1988.812652509212 -103.12589681092311 5.343189758108508
0.560827067669173 1904.4081735064137 -101.4974716113208 5.405009802394902 1952.2044893468142 -102.55773195227971 5.38349051158809
0.5657894736842106 1868.539703882615 -100.90242951010896 5.444274003619196 1915.589051295182 -101.9665933856597 5.423243624507532
0.5707518796992481 1832.6928154397042 -100.28544982460849 5.4829962667207575 1878.9859194233 -101.35291082603433 5.462450342577559
0.5757142857142857 1796.885758834061 -99.64694946477036 5.52117811981072 1842.4141436365717 -100.71711012813822 5.501112049097734
0.5806766917293233 1761.1362811094532 -98.98734122480097 5.558821210779287 1805.8922521297623 -100.05961313839597 5.539230256343878
0.585639097744361 1725.4616352326216 -98.30703366520285 5.5959272993517075 1769.4382609614436 -99.38083756108654 5.576806597264852
0.5906015037593986 1689.878589697012 -97.6064310074525 5.632498249438079 1733.0696837243054 -98.68119683801748 5.61384281748036
0.5955639097744362 1654.4034381736171 -96.88593304068061 5.668536021770411 1696.803541288662 -97.9611000410704 5.650340767574538
0.6005263157894737 1619.052009189162 -96.14593503972972 5.704042666819305 1660.6563715963753 -97.22095177691548 5.686302395675759
0.6054887218045113 1583.8396758132951 -95.38682769398933 5.73902031798296 1624.644239485883 -96.4611521033177 5.721729740317899
0.6104511278195489 1548.7813653376118 -94.6089970464185 5.773471185040009 1588.7827465286919 -95.68209645638278 5.756624923573392
0.6154135338345865 1513.8915689314472 -93.81282444223845 5.807397547861105 1553.0870408604292 -94.88417558819431 5.790990144452569
0.6203759398496241 1479.1843512591868 -92.99868648671742 5.840801750368884 1517.5718269900362 -94.06777551426259 5.8248276725608195
0.6253383458646617 1444.6733600463758 -92.16695501157167 5.873686194741035 1482.251375572196 -93.2332774702465 5.858139842006017
0.6303007518796993 1410.371835582205 -91.31799704948304 5.90605333584836 1447.1395331294448 -92.38105787744875 5.890929045550364
0.6352631578947369 1376.2926201472442 -90.45217481626972 5.937905675920958 1412.249731711435 -91.51148831657757 5.923197728997535
0.6402255639097745 1342.4481673560824 -89.56984570025368 5.969245759434601 1377.5949984793 -90.62493550929348 5.954948385808834
0.6451879699248121 1308.8505514056606 -88.67136225840531 6.000076168210898 1343.187965205282 -89.72176130711469 5.986183551941889
0.6501503759398497 1275.5114762209294 -87.75707221886111 6.030399516724429 1309.0408776773206 -88.80232268721328 6.016905800903036
0.6551127819548873 1242.4422844900719 -86.82731848941641 6.060218447609488 1275.1656050003871 -87.86697175471922 6.047117739008522
0.6600751879699249 1209.653966582288 -85.88243917161533 6.08953562735936 1241.5736487865752 -86.91605575112229 6.076822000845711
0.6650375939849624 1177.1571693423848 -84.92276758010905 6.11835374221306 1208.2761522259887 -85.94991706837816 6.106021244929474
0.67 1144.9622047561097 -83.94863226691005 6.146675494220935 1175.2839090335308 -84.96889326839938 6.134718149545447
0.6749624060150377 1113.0790584818487 -82.96035705025321 6.174503597484693 1142.607372264575 -83.97331710755374 6.162915408774983
0.6799248120300753 1081.5173982440513 -81.95826104773721 6.201840774564499 1110.2566629949101 -82.96351656585098 6.190615728694249
0.6848872180451129 1050.2865820847387 -80.94265871346248 6.228689753047248 1078.2415788606015 -81.93981488052397 6.21782182374288
0.6898496240601505 1019.3956664699078 -79.91385987889622 6.255053262270827 1046.5716024535018 -80.90253058368216 6.244536413253968
0.694812030075188 988.8534142477935 -78.872169797182 6.280934030196807 1015.2559095693199 -79.85197754378378 6.27076221814168
0.6997744360902256 958.6683024571029 -77.81788919068245 6.306334780428876 984.3033773051195 -78.78846501064143 6.296501957738939
0.7047368421052632 928.8485299827403 -76.75131430147623 6.331258229368079 953.7225920038218 -77.71229766371673 6.3217583467804985
0.7096992481203008 899.4020250579018 -75.67273694462334 6.35570708350252 923.5218570437435 -76.62377566346814 6.346534092525892
0.7146616541353384 870.3364526110348 -74.58244456396186 6.379684036824118 893.7092004713228 -75.52319470551362 6.370831892016089
0.719624060150376 841.6592214569815 -73.48072029025738 6.403191768369109 864.2923824759248 -74.41084607740873 6.394654429459845
0.7245864661654136 813.3774913315336 -72.36784300149954 6.426232939875982 835.2789027055669 -73.28701671782392 6.418004373743606
0.7295488721804512 785.498179769233 -71.24408738518295 6.44881019355728 806.6760074230266 -72.15198927793898 6.440884376060743
0.7345112781954888 758.0279688241852 -70.10972400239162 6.470926149979601 778.4906965018876 -71.00604218487226 6.463297067655275
0.7394736842105264 730.9733116342193 -68.96501935354311 6.492583406048401 750.729730262321 -69.84944970696603 6.485245057674816
0.744436090225564 704.3404388285811 -67.81023594563008 6.513784533092267 723.3996361468518 -68.68248202078125 6.506730931129212
0.7493984962406016 678.1353647798525 -66.64563236083083 6.53453207504322 696.5067152362957 -67.5054052796401 6.527757246949952
0.7543609022556391 652.3638937007627 -65.47146332635282 6.554828546708783 670.0570486064412 -66.31848168357757 6.548326536146127
0.7593233082706767 627.0316255867683 -64.28797978538626 6.574676432131759 644.0565035261508 -65.12196955057027 6.568441300053232
0.7642857142857143 602.1439620054481 -63.09542896905338 6.594078183034052 618.5107394977323 -63.91612338891308 6.588104008670337
0.769248120300752 577.7061117338418 -61.89405446924496 6.613036217340845 593.4252141405868 -62.70119397063193 6.607317099082451
0.7742105263157896 553.7230962450312 -60.68409631224727 6.631552917781924 568.8051889192544 -61.4774284058194 6.6260829739640545
0.7791729323308272 530.1997550452579 -59.465791033058345 6.649630630566197 544.6557347170802 -60.24507021778978 6.644404000160103
0.7841353383458647 507.14075086306127 -58.239371750311136 6.6672716641264405 520.98173725688 -59.00435941896177 6.662282507341593
0.7890977443609023 484.5505746919671 -57.005068241721666 6.684478287931279 497.7879023699716 -57.755532587372976 6.679720786731656
0.7940601503759399 462.4335506882761 -55.763107019984425 6.701252731361002 475.0787611151882 -56.49882294375316 6.696721089899994
0.7990225563909775 440.7938409256272 -54.51371140904743 6.717597182644628 452.8586747493243 -55.2344604290678 6.713285627621523
0.8039849624060151 419.6354500079657 -53.2571016206979 6.733513787854982 431.1318395507503 -53.96267178246946 6.7294165687970775
0.8089473684210527 398.96222954270985 -51.993494831404725 6.749004649959673 409.9022914978061 -52.68368061958521 6.745116039432954
0.8139097744360902 378.77788247579105 -50.72310525935574 6.764071827924702 389.17391080373693 -51.39770751108291 6.760386121676722
0.8188721804511279 359.08596729039084 -49.44614424164501 6.778717335868734 368.95042630987746 -50.10497006145569 6.775228852906412
0.8238345864661655 339.88990207112965 -48.162820311559734 6.792943142265336 349.23541973890605 -48.80568298797943 6.789646224871195
0.8287969924812031 321.19296843550325 -46.87333927592559 6.806751169190896 330.03232980989196 -47.50005819978861 6.8036401828802155
0.8337593984962407 302.99831533436884 -45.577904292473114 6.82014329161619 311.34445621697074 -46.188304877032586 6.8172126250380645
0.8387218045112783 285.30896272326015 -44.27671594718858 6.83312133673926 293.17496347342046 -44.87062955007081 6.830365401524247
0.8436842105263158 268.1278051063146 -42.96997233161892 6.845687083357717 275.5268846229506 -43.547236178673124 6.843100313914601
0.8486466165413534 251.45761495457413 -41.657869120101935 6.857842261278407 258.40312481994306 -42.218326231190424 6.855419114542667
0.853609022556391 235.30104600041412 -40.34059964689741 6.869588550762683 241.80646478044775 -40.88409876366942 6.86732350589897
0.8585714285714287 219.66063640981204 -39.01835498319606 6.88092758200544 225.73956410567087 -39.544750498886025 6.878815140066489
0.8635338345864663 204.53881183416757 -37.69132401398812 6.891860934646241 210.20496447965357 -38.200475905271794 6.8898956181902085
0.8684962406015039 189.93788834332798 -36.359693514773426 6.902390137310857 195.20509274286817 -36.851467275717795 6.900566489979571
0.8734586466165414 175.8600752414609 -35.02364822809969 6.912516667181752 180.7422638434046 -35.497914806238256 6.910829253241556
0.878421052631579 162.30747776736894 -33.683370939916415 6.922241949595909 166.81868366728156 -34.14000667447186 6.920685353443429
0.8833834586466166 149.28209968080802 -32.33904255573532 6.931567357668806 153.43645174963638 -32.77792911802278 6.930136183303216
0.8883458646616542 136.7858457363212 -30.990842176588682 6.9404942119429265 140.59756386819654 -31.411866512618015 6.9391830824068315
0.8933082706766918 124.82052404606512 -29.638947174780288 6.949023780059763 128.30391452062446 -30.0420014500809 6.947827336850249
0.8982706766917294 113.38784833305087 -28.28353326942478 6.957157276453987 116.55729928716221 -28.668514816111585 6.9560701789057084
0.9032330827067669 102.48944007618756 -26.924774601773695 6.964895862068673 105.35941708000882 -27.291585867871905 6.963912786710492
0.9081954887218046 92.12683054844365 -25.56284381032633 6.9722406440904825 94.71187228078514 -25.911392311371657 6.971356283977368
0.9131578947368422 82.30146274942143 -24.197912105728353 6.979192675703867 84.61617676740605 -24.528110378656 6.978401739725403
0.9181203007518798 73.01469323354802 -22.8301493454575 6.985752955863138 75.07375183161442 -23.141914904794596 6.985050168030319
0.9230827067669174 64.2677938350715 -21.459724108302794 6.991922429081733 66.08592998838262 -21.75297940467455 6.991302527793379
0.928045112781955 56.06195329096653 -20.086803768640195 6.997701985237654 57.65395667833527 -20.36147614960148 6.997159722527764
0.9330075187969925 48.398278762809106 -18.71155457051119 7.003092459394342 49.77899186427495 -18.967576243712415 7.002622600161846
0.9379699248120301 41.27779725862434 -17.334141701511818 7.008094631636254 42.462111522850016 -17.571449700207694 7.007691952858394
0.9429323308270677 34.70145695564118 -15.954729366498622 7.012709226918425 35.704309032334734 -16.173265517408304 7.012368516849051
0.9478947368421053 28.670128424845668 -14.57348086112253 7.01693691492944 29.50649645742587 -14.773191754645833 7.016652972283348
0.952857142857143 23.18460575814449 -13.190558645197768 7.020778309967105 23.86950573191671 -13.371395607996082 7.020545943091793
0.9578195488721806 18.24560759890796 -11.80612441591867 7.024233970826365 18.794089740023647 -11.96804348586365 7.024047996862208
0.9627819548872181 13.853778076586991 -10.420339180933833 7.027304400699006 14.28092329709451 -10.563301084429431 7.027159644729038
0.9677443609022557 10.009687646041865 -9.033363331289841 7.02999004708459 10.3306040303571 -9.15733346297197 7.029881341275021
0.9727067669172933 6.713833832160345 -7.645356714257261 7.032291301712293 6.943653160300242 -7.750305119073597 7.032213484444814
0.9776691729323309 3.96664188027305 -6.25647870605074 7.034208500473294 4.120516183219925 -6.342380063724618 7.034156415470267
0.9826315789473685 1.768465312818424 -4.866888284457583 7.035741923363384 1.8615634553940517 -4.933721896337954 7.035710418806954
0.9875939849624061 0.11958639263967386 -3.476744101387023 7.036891794435521 0.16709067928300514 -3.5244938796865997 7.036875722081672
0.9925563909774437 -0.9797835067629839 -2.0862045553554363 7.037658281762181 -0.9626807079086798 -2.114859014778615 7.037652496050786
0.9975187969924812 -1.5295036237689512 -0.6954278639205725 7.038041497407214 -1.5276032430451532 -0.7049801156825156 7.0380408545690605
1.0024812030075188 -1.5295036237689503 0.6954278639205774 7.038041497407214 -1.527603243045145 0.7049801156825559 7.038040854569061
1.0074436090225565 -0.9797835067629533 2.0862045553554878 7.03765828176218 -0.9626807079086527 2.1148590147786592 7.037652496050782
1.012406015037594 0.1195863926396814 3.4767441013870304 7.036891794435519 0.1670906792830671 3.524493879686662 7.036875722081672
1.0173684210526317 1.7684653128184822 4.866888284457627 7.0357419233633856 1.8615634553941747 4.933721896338042 7.035710418806954
1.0223308270676692 3.9666418802731425 6.256478706050777 7.034208500473295 4.120516183219919 6.342380063724615 7.034156415470267
1.027293233082707 6.713833832160474 7.645356714257321 7.032291301712295 6.943653160300301 7.750305119073625 7.032213484444816
1.0322556390977444 10.009687646041998 9.033363331289895 7.029990047084592 10.330604030356998 9.157333462971941 7.029881341275021
1.0372180451127821 13.853778076587181 10.420339180933897 7.027304400699006 14.280923297094612 10.563301084429478 7.027159644729041
1.0421804511278197 18.24560759890825 11.806124415918747 7.024233970826365 18.79408974002374 11.968043485863667 7.02404799686221
1.0471428571428572 23.18460575814459 13.190558645197793 7.020778309967105 23.869505731916828 13.371395607996114 7.020545943091793
1.0521052631578949 28.670128424845917 14.57348086112259 7.016936914929442 29.506496457426127 14.773191754645886 7.01665297228335
1.0570676691729324 34.70145695564144 15.95472936649868 7.012709226918428 35.70430903233528 16.173265517408417 7.012368516849048
1.06203007518797 41.27779725862455 17.33414170151186 7.008094631636246 42.462111522850286 17.57144970020775 7.0076919528584005
1.0669924812030076 48.39827876280942 18.711554570511257 7.003092459394344 49.77899186427495 18.96757624371243 7.002622600161846
1.071954887218045 56.06195329096654 20.086803768640202 6.997701985237654 57.65395667833498 20.361476149601437 6.997159722527764
1.0769172932330828 64.26779383507201 21.45972410830288 6.991922429081734 66.08592998838299 21.752979404674598 6.99130252779337
1.0818796992481203 73.0146932335482 22.830149345457535 6.985752955863138 75.07375183161439 23.141914904794607 6.985050168030324
1.086842105263158 82.30146274942206 24.19791210572844 6.979192675703867 84.61617676740688 24.528110378656116 6.978401739725403
1.0918045112781956 92.1268305484439 25.562843810326374 6.97224064409048 94.71187228078509 25.911392311371657 6.971356283977373
1.0967669172932333 102.4894400761878 26.92477460177371 6.96489586206866 105.35941708000861 27.291585867871884 6.963912786710498
1.1017293233082708 113.38784833305135 28.28353326942484 6.957157276453984 116.55729928716293 28.668514816111674 6.956070178905714
1.1066917293233083 124.82052404606559 29.63894717478034 6.949023780059766 128.30391452062446 30.042001450080885 6.94782733685025
1.111654135338346 136.78584573632213 30.99084217658879 6.940494211942926 140.5975638681959 31.411866512617934 6.939183082406828
1.1166165413533835 149.28209968080822 32.339042555735354 6.931567357668806 153.4364517496344 32.77792911802257 6.930136183303216
1.1215789473684212 162.30747776736916 33.683370939916436 6.922241949595909 166.8186836672809 34.14000667447179 6.9206853534434245
1.1265413533834587 175.86007524146112 35.023648228099695 6.9125166671817455 180.74226384340312 35.497914806238086 6.910829253241548
1.1315037593984962 189.93788834332852 36.35969351477348 6.902390137310864 195.20509274286707 36.85146727571771 6.900566489979569
1.136466165413534 204.53881183416863 37.691324013988236 6.891860934646243 210.20496447965277 38.2004759052717 6.889895618190202
1.1414285714285715 219.66063640981235 39.018354983196076 6.880927582005434 225.73956410567 39.54475049888591 6.878815140066473
1.1463909774436092 235.30104600041412 40.34059964689739 6.869588550762675 241.8064647804465 40.884098763669336 6.86732350589897
1.1513533834586467 251.45761495457472 41.657869120101964 6.857842261278401 258.40312481994135 42.21832623119028 6.855419114542666
1.1563157894736844 268.12780510631507 42.96997233161895 6.845687083357716 275.52688462294975 43.54723617867303 6.843100313914592
1.161278195488722 285.3089627232605 44.27671594718859 6.833121336739257 293.174963473421 44.87062955007087 6.830365401524256
1.1662406015037594 302.9983153343689 45.57790429247309 6.820143291616185 311.34445621696926 46.188304877032486 6.817212625038066
1.1712030075187971 321.1929684355039 46.87333927592562 6.806751169190888 330.03232980989384 47.50005819978876 6.80364018288022
1.1761654135338346 339.8899020711302 48.16282031155977 6.792943142265333 349.235419738908 48.805682987979544 6.789646224871189
1.1811278195488724 359.0859672903923 49.44614424164516 6.778717335868743 368.95042630987757 50.10497006145564 6.7752288529064035
1.1860902255639099 378.77788247579025 50.72310525935563 6.764071827924681 389.17391080373744 51.39770751108292 6.760386121676714
1.1910526315789474 398.9622295427087 51.99349483140456 6.749004649959651 409.9022914978098 52.683680619585445 6.745116039432954
1.196015037593985 419.635450007967 53.25710162069797 6.733513787854978 431.13183955076124 53.962671782470146 6.7294165687970775
1.2009774436090226 440.79384092562674 54.51371140904737 6.717597182644616 452.85867474934884 55.234460429069266 6.7132856276215165
1.2059398496240603 462.43355068827776 55.76310701998454 6.701252731361007 475.0787611151885 56.498822943753225 6.696721089900006
1.2109022556390978 484.55057469196765 57.00506824172173 6.6844782879312845 497.78790236997276 57.75553258737304 6.679720786731656
1.2158646616541355 507.14075086306366 58.23937175031136 6.66727166412646 520.9817372568834 59.004359418962 6.662282507341598
1.220827067669173 530.1997550452595 59.46579103305845 6.649630630566202 544.6557347170814 60.24507021778983 6.644404000160103
1.2257894736842105 553.723096245032 60.68409631224727 6.631552917781921 568.8051889192565 61.477428405819545 6.62608297396406
1.2307518796992483 577.7061117338438 61.894054469245084 6.613036217340849 593.4252141405894 62.70119397063204 6.6073170990824455
1.2357142857142858 602.1439620054484 63.095428969053394 6.594078183034052 618.5107394977343 63.91612338891317 6.588104008670334
1.2406766917293235 627.0316255867708 64.28797978538643 6.574676432131764 644.0565035261521 65.12196955057033 6.568441300053229
1.245639097744361 652.363893700764 65.47146332635292 6.55482854670879 670.0570486064415 66.31848168357762 6.548326536146131
1.2506015037593985 678.135364779857 66.64563236083114 6.534532075043245 696.5067152362988 67.50540527964031 6.527757246949969
1.2555639097744362 704.3404388285794 67.81023594562991 6.513784533092249 723.3996361468526 68.68248202078122 6.506730931129201
1.2605263157894737 730.9733116342196 68.96501935354316 6.492583406048405 750.7297302623183 69.84944970696573 6.485245057674781
1.2654887218045114 758.0279688241909 70.10972400239207 6.470926149979633 778.4906965018862 71.00604218487213 6.463297067655262
1.270451127819549 785.4981797692312 71.24408738518274 6.448810193557259 806.6760074230373 72.15198927793985 6.440884376060805
1.2754135338345867 813.3774913315367 72.36784300149972 6.426232939875987 835.2789027055695 73.28701671782402 6.418004373743601
1.2803759398496242 841.6592214569765 73.4807202902569 6.403191768369062 864.2923824759271 74.41084607740882 6.39465442945984
1.2853383458646617 870.3364526110329 74.58244456396163 6.379684036824094 893.709200471329 75.52319470551409 6.37083189201612
1.2903007518796994 899.4020250579063 75.67273694462358 6.3557070835025335 923.5218570437429 76.62377566346804 6.346534092525879
1.295263157894737 928.848529982748 76.7513143014768 6.331258229368117 953.7225920038239 77.71229766371685 6.321758346780506
1.3002255639097746 958.6683024571039 77.81788919068244 6.306334780428866 984.3033773051209 78.78846501064146 6.2965019577389345
1.3051879699248121 988.8534142477981 78.87216979718234 6.280934030196831 1015.2559095693312 79.85197754378457 6.270762218141733
1.3101503759398498 1019.3956664699047 79.91385987889596 6.255053262270805 1046.5716024535027 80.90253058368216 6.2445364132539645
1.3151127819548873 1050.2865820847499 80.94265871346326 6.228689753047305 1078.2415788605988 81.93981488052363 6.217821823742843
1.3200751879699248 1081.5173982440615 81.95826104773788 6.201840774564538 1110.2566629949054 82.96351656585074 6.190615728694239
1.3250375939849626 1113.0790584818508 82.9603570502533 6.174503597484698 1142.6073722645795 83.97331710755401 6.162915408774997
1.33 1144.9622047561134 83.94863226691028 6.14667549422095 1175.2839090335297 84.96889326839934 6.134718149545447
1.3349624060150378 1177.1571693423864 84.92276758010904 6.11835374221305 1208.276152225983 85.94991706837764 6.106021244929426
1.3399248120300753 1209.653966582296 85.88243917161576 6.089535627359379 1241.5736487865731 86.91605575112209 6.076822000845692
1.3448872180451128 1242.4422844900673 86.82731848941611 6.0602184476094685 1275.165605000389 87.86697175471922 6.047117739008515
1.3498496240601505 1275.5114762209273 87.75707221886088 6.030399516724407 1309.0408776773252 88.80232268721343 6.016905800903036
1.354812030075188 1308.850551405652 88.67136225840474 6.00007616821086 1343.187965205282 89.72176130711469 5.986183551941889
1.3597744360902257 1342.4481673560763 89.56984570025318 5.969245759434564 1377.5949984793092 90.62493550929379 5.954948385808834
1.3647368421052632 1376.2926201472508 90.45217481627013 5.937905675920984 1412.2497317114482 91.51148831657831 5.923197728997572
1.369699248120301 1410.371835582226 91.31799704948436 5.906053335848441 1447.139533129461 92.38105787744956 5.890929045550401
1.3746616541353385 1444.6733600463665 92.16695501157106 5.873686194740998 1482.2513755722255 93.23327747024774 5.858139842006054
1.379624060150376 1479.1843512591865 92.99868648671742 5.840801750368884 1517.5718269901135 94.06777551426498 5.8248276725608195
1.3845864661654137 1513.8915689314742 93.81282444224009 5.807397547861202 1553.0870408604 94.88417558819255 5.790990144452462
1.3895488721804512 1548.7813653376234 94.60899704641915 5.773471185040046 1588.7827465286816 95.68209645638215 5.756624923573355
1.394511278195489 1583.8396758132806 95.38682769398842 5.739020317982902 1624.644239485875 96.46115210331719 5.721729740317862
1.3994736842105264 1619.0520091891578 96.14593503972951 5.704042666819295 1660.6563715963766 97.22095177691561 5.686302395675769
1.404436090225564 1654.4034381736037 96.8859330406798 5.668536021770362 1696.803541288671 97.96110004107086 5.650340767574564
1.4093984962406017 1689.878589697014 97.60643100745256 5.632498249438083 1733.0696837243222 98.68119683801841 5.613842817480408
1.4143609022556392 1725.461635232592 98.30703366520119 5.595927299351614 1769.4382609614217 99.38083756108529 5.576806597264782
1.4193233082706769 1761.1362811094582 98.9873412248012 5.558821210779299 1805.892252129755 100.05961313839535 5.53923025634383
1.4242857142857144 1796.885758834058 99.64694946477016 5.521178119810708 1842.4141436365644 100.71711012813768 5.501112049097697
1.429248120300752 1832.692815439707 100.28544982460855 5.4829962667207575 1878.9859194233136 101.35291082603501 5.462450342577596
1.4342105263157896 1868.5397038826432 100.90242951011041 5.444274003619267 1915.5890512951855 101.96659338565968 5.42324362450752
1.439172932330827 1904.4081735064428 101.49747161132223 5.405009802394976 1952.2044893468137 102.55773195227974 5.383490511588089
1.4441353383458648 1940.2794605977888 102.07015523383299 5.36520226296197 1988.8126525091952 103.1258968109222 5.343189758108458
1.4490977443609023 1976.134279057676 102.62005564406556 5.324850121814293 2025.393419245252 103.67065454941468 5.302340264875285
1.45406015037594 2011.9528112145235 103.1467444293041 5.283952260896452 2061.9261184220063 104.1915682371098 5.260941088462751
1.4590225563909776 2047.714698807291 103.64978967320494 5.242507716796886 2098.3895203907737 104.6881976201054 5.2189914507921475
1.463984962406015 2083.3990341684244 104.12875614754967 5.200515690270305 2134.7618283078455 105.1600993337425 5.176490749046002
1.4689473684210528 2118.9843516387405 104.58320552104453 5.15797555609582 2171.0206697307844 105.6068271332206 5.133438565923665
1.4739097744360903 2154.448619248509 105.01269658599307 5.114886873277327 2207.1430885268587 106.0279321431467 5.089834680241973
1.478872180451128 2189.7692307006014 105.41678550366399 5.071249395590655 2243.1055371340203 106.42296312693887 5.0456790778885665
1.4838345864661655 2224.9229976944666 105.79502606923654 5.027063082483676 2278.8838692153017 106.79146677693268 5.000971963130235
1.4887969924812032 2259.8861426320864 106.14696999722281 4.982328110334611 2314.453332751471 107.1329880261321 4.955713770281381
1.4937593984962407 2294.6342917490438 106.47216722827108 4.937044884072382 2349.7885636186843 107.44707038253875 4.9099051757361964
1.4987218045112782 2329.142468716652 106.77016625828492 4.891214049162786 2384.863579701488 107.73325628704475 4.863547110368119
1.503684210526316 2363.3850887636227 107.0405144908147 4.844836503963762 2419.6517755911764 107.99108749577178 4.816640772294964
1.5086466165413535 2397.3359533694534 107.28275861373305 4.79791341245367 2454.1259179286258 108.22010548801572 4.769187640017849
1.5136090225563912 2430.968245582337 107.49644500113192 4.750446217331794 2488.2581414459582 108.41985190064898 4.721189485927812
1.5185714285714287 2464.2545260200186 107.68112014151401 4.702436653494624 2522.019945770051 108.58986899007854 4.672648390182419
1.5235338345864662 2497.1667296131045 107.83633109328008 4.653886761886631 2555.382193053146 108.72970012284568 4.623566754953251
1.528496240601504 2529.6761631542113 107.96162596856377 4.6047989037250305 2588.3151064961194 108.83889029582292 4.5739473190373445
1.5334586466165414 2561.7535037191865 108.05655444646266 4.5551757750961785 2620.788269835615 108.91698668709572 4.523793172830696
1.5384210526315791 2593.368798030847 108.12066831675995 4.505020421921651 2652.770627871304 108.96353923866403 4.473107773661137
1.5433834586466166 2624.491462837157 108.15352205516524 4.454336255287774 2684.2304881080563 108.97810127192517 4.421894961470589
1.5483458646616544 2655.090286381822 108.15467343121193 4.403127067135427 2715.1355235952215 108.96023013703982 4.370158974839927
1.5533082706766919 2685.1334310450866 108.12368414980142 4.351397046299286 2745.452777048251 108.90948789727392 4.317904467348792
1.5582706766917294 2714.5884372409137 108.06012052757748 4.299150794892259 2775.148666339466 108.82544204930636 4.265136524256554
1.563233082706767 2743.422228655437 107.96355420511321 4.246393345021187 2804.1889914504636 108.70766628057493 4.2118606794931015
1.5681954887218046 2771.6011189185247 107.83356289601178 4.19313017582344 2832.5389429805673 108.55574126464091 4.158082932943143
1.5731578947368423 2799.0908198015977 107.66973117391908 4.139367230808619 2860.1631123118505 108.36925549562656 4.103809768009316
1.5781203007518798 2825.8564510418437 107.47165129855179 4.085110935492444 2887.025503531144 108.14780616261817 4.0490481694324885
1.5830827067669173 2851.862551891989 107.23892408164193 4.030368215300958 2913.08954721628 107.89100006497998 3.9938056413475125
1.588045112781955 2877.0730945021623 106.97115979380882 3.9751465137264166 2938.31811619344 107.59845456948105 3.9380902255552415
1.5930075187969925 2901.4514992436507 106.66797911332006 3.919453810713206 2962.6735433860713 107.26979861010062 3.881910519976195
1.5979699248120303 2924.9606520851275 106.32901411754543 3.8632986412454233 2986.117641861756 106.90467373123104 3.825275697265866
1.6029323308270678 2947.562924138432 105.95390931798656 3.806690114110167 3008.6117272032334 106.50273517502171 3.768195523552407
1.6078947368421055 2969.220193494205 105.54232273966898 3.749637930805811 3030.1166423241393 106.06365301352838 3.7106803772661863
1.612857142857143 2989.893869469489 105.09392704559414 3.692152404561574 3050.5927848599777 105.58711332629929 3.652741268021723
1.6178195488721805 3009.544919392447 104.6084107068354 3.6342444794294084 3070.000137252169 105.0728194236928 3.5943898555114715
1.6227819548872182 3028.1338980565297 104.08547921895263 3.5759257494129146 3088.2982996699866 104.52049311653684 3.535638468366112
1.6277443609022557 3045.6209799725984 103.52485636504935 3.5172084775851347 3105.446525897635 103.9298760323332 3.4765001229368213
1.6327067669172934 3061.9659945590165 102.92628552600911 3.458105615154645 3121.40376232205 103.30073097809594 3.4169885419436286
1.637669172932331 3077.1284644016123 102.28953103797073 3.3986308204232984 3136.1286901654003 102.63284335004994 3.357118172941138
1.6426315789473687 3091.06764672958 101.61437959737788 3.3387984775887407 3149.579771096429 101.92602258989842 3.2969042065368286
1.6475939849624062 3103.7425782460905 100.90064171350036 3.278623715330578 3161.7152963682056 101.18010368761145 3.236362594305601
1.6525563909774437 3115.1121234596685 100.14815320835714 3.218122425121159 3172.493439623704 100.39494873029207 3.175510066332862
1.6575187969924814 3125.135026663098 99.35677676379589 3.1573112791969637 3181.872313511325 99.57044849650669 3.1143641483143116
1.662481203007519 3133.7699677043056 98.52640351521092 3.0962077481191517 3189.810030260056 98.70652409551286 3.0529431781436416
1.6674436090225566 3140.975621703774 97.65695469149614 3.0348301178568207 3196.264766355871 97.80312865037695 2.991266321907588
1.6724060150375941 3146.7107228630903 96.74838330031844 2.9731975063118257 3201.194831465298 96.86024902391853 2.9293535892080245
1.6773684210526316 3150.93413251568 95.80067585779722 2.911329879206204 3204.5587417535116 95.87790758626738 2.867225847728426
1.6823308270676693 3153.604911575083 94.81385416161021 2.849248065252951 3206.3152977381724 94.85616402245557 2.804904836953641
1.6872932330827068 3154.6823975244934 93.78797710598809 2.786973770516282 3206.4236668240737 93.79511717840086 2.742413180952926
1.6922556390977446 3154.1262861035466 92.72314253723795 2.7245295918754637 3204.843470659085 92.69490694331068 2.6797744001291095
1.697218045112782 3151.896717837899 91.6194891479243 2.6619390294935643 3201.534877454531 91.5557161664509 2.6170129218380467
1.7021804511278198 3147.9543695663615 90.47719840791541 2.599226498197943 3196.4586994059628 90.37777260581947 2.554154089773701
1.7071428571428573 3142.2605511090314 89.29649652997261 2.5364173376667893 3189.576495350213 89.1613509061113 2.491224172014107
1.7121052631578948 3134.777307224842 88.07765646751182 2.4735378213179104 3180.8506787971073 87.906774603239 2.4282503676233436
1.7170676691729325 3125.467525008138 86.82099994201093 2.4106151637954882 3170.244631465024 86.61441815225874 2.365260811697492
1.72203007518797 3114.2950468699128 85.52689949721702 2.3476775269443935 3157.722822452597 85.28470897544878 2.3022845787434507
1.7269924812030077 3101.2247892437954 84.19578057695344 2.2847540241560167 3143.2509331750935 83.91812952703083 2.2393516842773282
1.7319548872180452 3086.2228671710727 82.82812362353332 2.221874722979219 3126.7959881942734 82.51521937083112 2.17649308452761
1.7369172932330827 3069.2567249042913 81.42446619314995 2.1590706458761733 3108.3264920692636 81.0765772669921 2.113740674128492
1.7418796992481205 3050.2952726796393 79.98540508469779 2.0963737690091393 3087.8125723594385 79.60286326370408 2.05112728168847
1.746842105263158 3029.309029811093 78.5115984783285 2.033817018944386 3065.226128903265 78.09480078958222 1.9886866631154065
1.7518045112781957 3006.270274252827 77.00376807961493 1.9714342671511589 3040.5409895143093 76.55317874252745 1.9264534925886978
1.7567669172932332 2981.153198804026 75.46270126567578 1.9092603221904243 3013.733072237046 74.97885357066616 1.8644633510656932
1.761729323308271 2953.9340741108863 73.88925322880556 1.847330919469563 2984.7805542851565 73.37275134043335 1.8027527122054565
1.7666917293233084 2924.591418656266 72.28434911376638 1.7856827084584852 2953.6640478735753 71.73586978818861 1.7413589256142232
1.771654135338346 2893.1061759327386 70.64898614466432 1.72435323725837 2920.3667830638187 70.06928035003955 1.6803201972996078
1.7766165413533836 2859.4618990067866 68.98423573722863 1.6633809344134662 2884.8747978453794 68.37413016594672 1.6196755672373984
1.7815789473684212 2823.6449427285697 67.29124559300578 1.6028050878741753 2847.177135702532 66.65164405446467 1.5594648839651855
1.7865413533834589 2785.6446638447633 65.57124177151417 1.5426658210079396 2807.2660508418376 64.90312645297661 1.49972877610019
1.7915037593984964 2745.4536293407655 63.8255307374489 1.4830040655780252 2765.137221480076 63.129963321611854 1.4405086207223932
1.7964661654135339 2703.067833367433 62.05550137996835 1.423861531605445 2720.789971462291 61.333624006509865 1.3818465085324279
1.8014285714285716 2658.486923171273 60.26262700175408 1.3652806740402212 2674.227500665722 59.51566306084055 1.323785205734855
1.806390977443609 2611.7144345365086 58.44846727659075 1.3073046561849127 2625.4571246697233 57.677722021742284 1.2663681125896247
1.8113533834586468 2562.7580373151904 56.614670174555954 1.249977309811331 2574.4905242842033 55.821531142573576 1.2096392185903824
1.8163157894736843 2511.6297917535485 54.762973855489804 1.1933430919341248 2521.344005636016 53.94891108083425 1.1536430542369942
1.821278195488722 2458.3464164456127 52.89520853243323 1.1374470382103083 2466.038771686195 52.061774544098625 1.0984246393942017
1.8262406015037596 2402.929568916803 51.01329830848499 1.0823347129512884 2408.6012061726615 50.16212789685403 1.0440294282184241
1.831203007518797 2345.4061400284627 49.11926299218271 1.0280521557427746 2349.063171244361 48.25207273439321 0.9905032506760861
1.8361654135338348 2285.808563655013 47.215219899185854 0.97464582469199 2287.4623202476105 46.33380743093312 0.9378922506628741
1.8411278195488723 2224.1751433626705 45.30338565038744 0.9221625363297022 2223.8424275031502 44.4096286733311 0.8862428207787872
1.84609022556391 2160.550398185842 43.38607797999941 0.8706494022153152 2158.253737220024 42.48193299356876 0.8356015337963726
1.8510526315789475 2094.9854300382576 41.46571757111258 0.8201537623126228 2090.753334216093 40.55321831840206 0.7860150709024254
1.856015037593985 2027.5383158177865 39.54482994059333 0.7707231152162421 2021.4055396348267 38.62608555835368 0.7375301467889941
1.8609774436090227 1958.27452795285 37.62604740138363 0.7224050453402356 1950.282335578624 36.70324026455978 0.6901934316980558
1.8659398496240602 1887.2673879056092 35.712111136132535 0.6752471471817914 1877.4638233945298 34.78749438794716 0.6440514705214228
1.870902255639098 1814.598558201069 33.8058734251988 0.6292969468113541 1803.0387214353104 32.881768184186626 0.5991505990896088
1.8758646616541355 1740.358579776046 31.910300081469586 0.5846018207484903 1727.1049094595073 30.989092317449717 0.5555368577724309
1.8808270676691732 1664.6474630374287 30.02847315708584 0.541208912409543 1649.7700284052407 29.11261022779729 0.5132559025366902
1.8857894736842107 1587.575342994125 28.163594002080345 0.4991650463271142 1571.1521465461774 27.255580843515077 0.47235291360097736
1.8907518796992482 1509.2632113883737 26.318986774378004 0.4585166403681569 1491.3805054261538 25.42138173610556 0.4328725018311659
1.895714285714286 1429.8437419946713 24.49810252421537 0.41930961618850804 1410.5963627563688 23.6135128422884 0.3948586130031913
1.9006766917293234 1349.462229513083 22.704524007028 0.3815893081858093 1328.9539536387965 21.835600905162437 0.3583544300480426
1.9056390977443611 1268.2776680506504 20.941971418366393 0.34540037122791606 1246.6215975135274 20.09140482708233 0.3234022733617849
1.9106015037593986 1186.4640025258486 19.214309295155772 0.310786687433118 1163.7829859491321 18.384822176425587 0.2900434991984298
1.9155639097744361 1104.211596368441 17.525554897407233 0.2777912723132559 1080.638696990638 16.71989715885968 0.25831839610708585
1.9205263157894739 1021.7289723949943 15.879888474855989 0.2464561805700214 997.4079961236348 15.100830453039066 0.2282660792416138
1.9254887218045114 939.2449026744071 14.28166594947595 0.2168224118479799 914.3310039505886 13.531991434162023 0.19992438220191816
1.930451127819549 857.0109497975936 12.735434718018155 0.18892981670981188 831.6713390734294 12.017933480653255 0.17332974581217117
1.9354135338345866 775.3046005721044 11.245953528170162 0.1628170030888299 749.7193856291124 10.563413302071922 0.14851710285057038
1.9403759398496243 694.4331899009048 9.818217739997863 0.13852124337533667 668.7963958665568 9.173415581186191 0.12551975714295055
1.9453383458646618 614.7388988253879 8.457491821343297 0.11607838217996119 589.2597301705828 7.853184747624937 0.10436925449477315
1.9503007518796993 536.6052452286385 7.169351747415135 0.09552274457332147 511.50968207967526 6.608266511787292 0.08509524141363443
1.955263157894737 460.4657033368276 5.959741279975333 0.07688704417980433 435.99857070462895 5.444563069275773 0.06772530501295648
1.9602255639097745 386.8154548038292 4.835048255662741 0.06020228969210564 363.2431812245195 4.368408007803623 0.05228478300417408
1.9651879699248123 316.2279230227141 3.8022107431378345 0.0454976867823234 293.84234334068606 3.3866706268702274 0.0387965244309271
1.9701503759398498 249.37896108401765 2.8688697685736315 0.03280052902954083 228.5027802355762 2.506906139297598 0.027280565585419938
1.9751127819548875 187.08403105028265 2.043598792836292 0.022136063924187967 168.07910934076062 1.7375816068979475 0.01775365121600032
1.980075187969925 130.35921213835536 1.3362692802058973 0.013527300969792579 113.6400974006101 1.088436609500377 0.010228451121662374
1.9850375939849625 80.53085121419281 0.7586831976082067 0.0069946740959522915 66.58948616606358 0.5711102820409906 0.004712112135726443
1.99 39.461658563115634 0.3258137225664086 0.0025552771097522966 28.922082836419577 0.20038878511945768 0.0012031596554976432
