0.01 9.32311061647124 -0.0966859233260493 -0.00018054772616267202 2.1803153572182055 0.06950998282854925 -0.003347097416926204
0.014962406015037594 22.3536501218623 -0.3455499311760377 0.004135231706612785 12.634281500846555 -0.09029460917770393 -0.0015903049882012967
0.01992481203007519 38.69132036520023 -0.7003171714962946 0.01138257107646723 26.924673274352244 -0.35921475945019665 0.002870258435692108
0.024887218045112784 57.63690131911426 -1.1501919918338217 0.02155986731675057 44.1889911720973 -0.725995258602552 0.010059033550874119
0.029849624060150376 78.70164123455834 -1.6868295553526877 0.03465764982118742 63.868334395552665 -1.1823619078054435 0.019998798958121712
0.034812030075187975 101.51482026734084 -2.3033244730082743 0.05066062503055662 85.55071987685733 -1.721566443235929 0.03270197524700791
0.039774436090225566 125.78027955749349 -2.99370889748036 0.06954855528745156 108.91174034154756 -2.3378069351215345 0.04817207104537716
0.044736842105263165 151.2527898251683 -3.75266855240568 0.09129671665571096 133.68500850970304 -3.025925131656038 0.0664051735359152
0.04969924812030076 177.7239224858422 -4.575367788194114 0.11587618226952828 159.6452566264452 -3.7812265697228895 0.08739098537286055
0.05466165413533835 205.01300995064776 -5.4573352218053515 0.14325402814984614 186.5978055604537 -4.599365112823932 0.11111353800458233
0.05962406015037595 232.96106022986532 -6.394385699914665 0.1733935043009666 214.37159830088603 -5.476264970861564 0.1375517041190278
0.06458646616541354 261.42649455512765 -7.3825653314374335 0.2062541915638434 242.8143814172072 -6.408066127304039 0.16667958718459205
0.06954887218045112 290.2820651484799 -8.418111846977126 0.24179215453491737 271.7892544594906 -7.3910851687487025 0.1984668353016133
0.07451127819548872 319.4125669554378 -9.49742551366569 0.2799600958423696 301.17212887642745 -8.421786666317018 0.23287890815490186
0.07947368421052632 348.71310063046985 -10.617047533154732 0.32070751444651935 330.84981285602953 -9.496762019279572 0.2698773149436164
0.0844360902255639 378.08772837953074 -11.773643870218393 0.3639808691667128 360.71853923085837 -10.612713711823005 0.30941983458072286
0.0893984962406015 407.4484159676904 -12.963993097395758 0.4097237478027779 390.68281447899244 -11.766443578190604 0.35146072537941964
0.0943609022556391 436.7141870374853 -14.184977253566899 0.45787704170339794 420.65450491489355 -12.954844082517354 0.3959509288413472
0.09932330827067669 465.81043741960457 -15.433574990048953 0.5083791253317941 450.55210105317565 -14.17489189517022 0.44283827047626123
0.10428571428571429 494.66837160683644 -16.70685646639049 0.5611660401830932 480.3001176253183 -15.423643233125745 0.4920676594397151
0.10924812030075189 523.2245335464268 -18.001979590131896 0.6161716822769137 509.82859808761896 -16.69823056287612 0.5435812880124417
0.11421052631578947 551.4204109577586 -19.316187290272808 0.6733279923975047 539.0727003864959 -17.995860357306697 0.5973188314006933
0.11917293233082707 579.202097413101 -20.64680558291832 0.7325651481927338 567.9723464138715 -19.31381166606303 0.6532176479701491
0.12413533834586467 606.5200001179455 -21.991242239724045 0.7938117572464635 596.4719217432448 -20.6494353101117 0.7112129797639739
0.12909774436090227 633.3285840482686 -23.346985908473584 0.8569950502276484 624.5200152027719 -22.000153547890307 0.7712381529582886
0.13406015037593985 659.5861451654564 -24.711605565599257 0.9220410732505414 652.0691902187336 -23.36346009174258 0.8332247778016211
0.13902255639097746 685.2546069812888 -26.082750203539376 0.9888748785927277 679.0757815274956 -24.736920374882573 0.8971029474840138
0.14398496240601505 710.2993359571165 -27.458148674740528 1.0574207129650888 705.4997122248924 -26.1181719881435 0.9628014353396452
0.14894736842105266 734.6889721526677 -28.835609628872078 1.1276022025646029 731.3043271255037 -27.50492521974479 1.0302478897546579
0.15390977443609025 758.3952722759641 -30.213021491973848 1.1993425341907924 756.4562392646421 -28.8949636441115 1.099369026144494
0.15887218045112783 781.3929628664791 -31.588352446165118 1.2725646317576222 780.9251869725595 -30.28614471482325 1.1700908153779934
0.16383458646616544 803.6596018085829 -32.959650376840386 1.3471913275914447 804.683899493134 -31.676400325348823 1.242338668034104
0.16879699248120303 825.175446741604 -34.32504276106516 1.4231455279597869 827.7079695267839 -33.06373730819104 1.3160376139177175
0.1737593984962406 845.9233292323161 -35.68273647667479 1.5003503723357328 849.9757314081044 -34.44623784874642 1.3911124762878657
0.17872180451127823 865.8885338203054 -37.03101751659875 1.5787293859683105 871.4681439031137 -35.822059795335406 1.46748804029896
0.1836842105263158 885.0586812378242 -38.36825059687774 1.6582066253811492 892.1686768304107 -37.18943685110156 1.5450892151981266
0.1886466165413534 903.4236152682761 -39.69287865053775 1.7387068164882338 912.0632008933344 -38.54667863732112 1.6238411898762324
0.193609022556391 920.975292835331 -41.00342220245349 1.8201554850727206 931.1398802537551 -39.892170620722965 1.703669581414002
0.1985714285714286 937.7076770171143 -42.29847862282412 1.9024790794287796 949.3890675018238 -41.22437390036944 1.7845005763235648
0.20353383458646618 953.6166327670171 -43.576721259196205 1.9856050850275695 966.8032007721804 -42.541824851992146 1.866261064234874
0.2084962406015038 968.6998251864552 -44.83689844866029 2.06946213111501 983.3767028366756 -43.84313462976783 1.9488787638285971
0.21345864661654138 982.9566202521191 -46.07783241355273 2.1539800892061196 999.1058820649896 -45.12698852728761 2.0322823408701836
0.21842105263157896 996.3879879377837 -47.29841804508561 2.239090163479543 1013.988835206661 -46.39214520124284 2.116401518248556
0.22338345864661657 1008.9964077068616 -48.4976215805473 2.324724973127361 1028.025351966061 -47.637435762144975 2.201167177969147
0.22834586466165416 1020.7857763749198 -49.674479180501834 2.41081862675356 1041.2168213968116 -48.8617627380377 2.286511455098007
0.23330827067669174 1031.761318357887 -50.82809541302427 2.497306788948987 1053.5661401500683 -50.064098917718866 2.372367823696878
0.23827067669172936 1041.9294983361842 -51.95764165260914 2.5841267392092164 1065.0776226329826 -51.24348608080987 2.458671174827778
0.24323308270676694 1051.2979363707063 -53.062354401659604 2.671217423387896 1075.7569131445198 -52.39903362257215 2.5453578867432642
0.24819548872180452 1059.875325512085 -54.14153354275862 2.7585194979079093 1085.6109000618653 -53.52991708175986 2.632365887410991
0.25315789473684214 1067.671351945096 -55.19454053002167 2.845975366975327 1094.6476321548894 -54.63537658014843 2.719634709554494
0.2581203007518797 1074.6966177077206 -56.2207965278005 2.933529213058401 1102.8762371075973 -55.71471518257792 2.807105538417588
0.2630827067669173 1080.9625660232327 -57.21978050505953 3.021127020916926 1110.3068423142045 -56.76729718617955 2.894721252481364
0.2680451127819549 1086.4814092757324 -58.19102729343922 3.1087165954721216 1116.9504980298998 -57.79254634793182 2.9824264573898933
0.27300751879699253 1091.2660596570763 -59.13412561701179 3.196247573828329 1122.819102932211 -58.78994405908284 3.0701675133524233
0.2779699248120301 1095.3300625028296 -60.04871610128123 3.28367143175535 1127.92533215301 -59.75902747512632 3.157892556307164
0.2829323308270677 1098.6875323301465 -60.93448926881976 3.370941484952965 1132.2825678289632 -60.69938760968873 3.245551513143005
0.2878947368421053 1101.3530915820593 -61.79118352855673 3.4580128854204677 1135.9048322110766 -61.61066740047397 3.333096111286912
0.29285714285714287 1103.3418120739634 -62.618583165311236 3.544842613251241 1138.8067233624738 -62.49255975497104 3.4204798829646936
0.2978195488721805 1104.6691591314134 -63.416516335831744 3.631389464174342 1141.0033534674549 -63.34480558344896 3.5076581644558162
0.3027819548872181 1105.3509384012168 -64.18485307722742 3.7176140331637457 1142.510289762517 -64.1671918262119 3.5945880906555274
0.30774436090225565 1105.4032453085688 -64.92350333314553 3.8034786944239545 1143.343498093991 -64.95954948186198 3.6812285852667745
0.31270676691729327 1104.8424171281895 -65.63241500275487 3.8889475780619733 1143.5192890942885 -65.72175164268151 3.767540346930146
0.3176691729323309 1103.6849876294928 -66.31157201708913 3.973986543742704 1143.0542669649185 -66.45371154308398 3.8534858316107776
0.32263157894736844 1101.9476442506443 -66.96099244693775 4.0585631516194445 1141.9652808415244 -67.15538062637447 3.9390292315403785
0.32759398496240605 1099.6471877501708 -67.58072664602 4.142646630818847 1140.2693787127118 -67.82674663485878 4.024136451018864
0.33255639097744366 1096.8004942803573 -68.1708554328076 4.226207845751205 1137.9837638548556 -68.46783172775713 4.108775079363169
0.3375187969924812 1093.4244798216284 -68.73148831393823 4.30921926050389 1135.1257537395504 -69.07869063101282 4.192914361285694
0.34248120300751883 1089.5360669139543 -69.26276175182915 4.391654901566804 1131.7127413648054 -69.65940882267981 4.276525164975131
0.34744360902255644 1085.15215361711 -69.76483747868681 4.473490319123466 1127.7621589549312 -70.21010075711985 4.359579948139363
0.352406015037594 1080.2895846293811 -70.23790085880302 4.554702547131706 1123.2914439702827 -70.73090813089459 4.44205272226136
0.3573684210526316 1074.9651244915394 -70.682159300672 4.635270062403587 1118.3180073637245 -71.22199819285623 4.52391901530765
0.3623308270676692 1069.1954328016623 -71.09784072019347 4.715172742884344 1112.8592040166322 -71.68356210053192 4.605155833113282
0.3672932330827068 1062.9970413641065 -71.48519205588036 4.794391825314107 1106.932305284648 -72.115813324607 4.6857416196601624
0.3722556390977444 1056.386333195933 -71.84447783677932 4.87290986244785 1100.5544735827334 -72.51898610302203 4.765656216450824
0.377218045112782 1049.3795233125845 -72.17597880349669 4.95071067999252 1093.7427389327527 -72.89333394574027 4.844880821166031
0.38218045112781956 1041.9926412155048 -72.47999058256312 5.0277793334137675 1086.5139774006147 -73.23912819115347 4.923397945786035
0.3871428571428572 1034.2415150036006 -72.75682241408518 5.104102064747832 1078.8848913456193 -73.55665661469685 5.001191374340777
0.3921052631578948 1026.1417570315543 -73.00679593248157 5.179666259546508 1070.871991405265 -73.84622209003882 5.078246120443023
0.39706766917293235 1017.7087510386841 -73.23024399991509 5.254460404071351 1062.491580138414 -74.10814130297594 5.154548384746711
0.40203007518796996 1008.9576406728718 -73.42750959185193 5.328474042841666 1053.7597372504622 -74.342743517992 5.230085512464125
0.4069924812030076 999.9033193358059 -73.59894473407145 5.401697736633405 1044.6923063234833 -74.55036939716777 5.304845951058943
0.41195488721804513 990.5604212768212 -73.74490949028377 5.474123021013735 1035.304882976575 -74.73136987105566 5.378819208228754
0.41691729323308274 980.9433138644185 -73.8657709994117 5.545742365488014 1025.6128043816188 -74.88610506090039 5.451995810274994
0.42187969924812035 971.0660909669207 -73.9619025615327 5.61654913332983 1015.6311400613515 -75.01494325147532 5.5243672609505765
0.4268421052631579 960.942567374605 -74.03368277131445 5.68653754215136 1005.3746838985132 -75.11825991371191 5.595926000868994
0.4318045112781955 950.5862741987537 -74.08149469777807 5.755702625268531 994.8579472863275 -75.19643677614071 5.666665367543387
0.43676691729323314 940.0104551846737 -74.10572510912765 5.824040193906332 984.09515335063 -75.24986094405182 5.736579556123425
0.4417293233082707 929.2280638779839 -74.10676374133045 5.891546800281908 973.1002321804931 -75.278924065332 5.805663580884016
0.4466917293233083 918.2517615858997 -74.0850026091094 5.958219701598591 961.8868170008188 -75.284021541688 5.8739132375159615
0.4516541353383459 907.0939160774636 -74.04083535797237 6.024056824977407 950.4682412262484 -75.26555178403603 5.941325066260486
0.4566165413533835 895.7666009689435 -73.97465665587461 6.089056733346624 938.8575363363476 -75.22391551072934 6.007896315922448
0.4615789473684211 884.2815957430597 -73.88686162310981 6.153218592306242 927.0674305150567 -75.15951508730117 6.073624908793436
0.4665413533834587 872.6503863527953 -73.77784529899756 6.216542137977642 915.1103479989567 -75.0727539063245 6.138509406506988
0.47150375939849626 860.8841663632161 -73.64800214396651 6.27902764584724 902.9984090819114 -74.96403580601651 6.202548976846067
0.47646616541353387 848.9938385865546 -73.49772557560091 6.340675900606013 890.7434307255066 -74.83376452617661 6.265743361516482
0.4814285714285715 836.9900171684559 -73.327407537263 6.401488166986015 878.3569277271172 -74.68234320004267 6.328092844895186
0.48639097744360904 824.883030085069 -73.13743809788521 6.461466161589023 865.8501143998855 -74.51017388067118 6.389598223760224
0.49135338345864665 812.6829220133083 -72.92820508158596 6.520612025703013 853.2339067209545 -74.31765710043385 6.450260778003583
0.49631578947368427 800.3994575382037 -72.7000937257452 6.578928299095981 840.518924906498 -74.10519146223628 6.510082242324971
0.5012781954887219 788.0421246635631 -72.45348636622529 6.636417894776644 827.7154963746078 -73.8731732611067 6.569064778903772
0.5062406015037594 775.6201385941558 -72.1887621484496 6.693084074708764 814.8336590587156 -73.62199613478275 6.627210951040126
0.511203007518797 763.142445759419 -71.90629676307823 6.748930426464418 801.8831650366872 -73.35205074198117 6.68452369775672
0.5161654135338346 750.6177280505478 -71.60646220504864 6.803960840798843 788.8734844425841 -73.06372446704425 6.741006309348655
0.5211278195488722 738.0544072446896 -71.28962655479555 6.858179490129706 775.81380963008 -72.75740114969742 6.796662403868422
0.5260902255639098 725.460649591549 -70.95615378048817 6.911590807901135 762.7130595583599 -72.43346083867426 6.851495904530063
0.5310526315789474 712.8443705394177 -70.60640356016647 6.964199468812564 749.5798843731899 -72.09227956800362 6.905511018015625
0.536015037593985 700.213239579187 -70.24073112269348 7.0160103698914185 736.4226701575188 -71.73422915478255 6.958712213665334
0.5409774436090226 687.5746851863735 -69.85948710647804 7.0670286123880635 723.2495438278925 -71.35967701731622 7.011104203533778
0.5459398496240602 674.9358998426064 -69.46301743495788 7.117259484470354 710.0683781540934 -70.96898601249761 7.062691923289215
0.5509022556390978 662.3038451194687 -69.05166320788112 7.166708444696205 696.8867968814901 -70.5625142913882 7.113480513937221
0.5558646616541354 649.6852568086902 -68.6257606074449 7.215381106240148 683.7121799367519 -70.14061517196934 7.163475304346509
0.560827067669173 637.0866500841025 -68.18564081840282 7.263283221851385 670.5516686989511 -69.70363702806983 7.212681794554121
0.5657894736842106 624.5143246818432 -67.73162996128798 7.310420669520653 657.4121713196128 -69.25192319353204 7.261105639828535
0.5707518796992481 611.9743700862848 -67.26404903791871 7.356799438831351 644.3003680763061 -68.78581188069418 7.308752635467055
0.5757142857142857 599.4726707104397 -66.78321388841765 7.402425617973359 631.2227167458208 -68.30563611232833 7.35562870230572
0.5806766917293233 587.014911060371 -66.28943515899044 7.447305381396155 618.1854579837516 -67.81172366617832 7.40173987291756
0.585639097744361 574.6065808740598 -65.7830182797425 7.491444978077763 605.1946206989375 -67.30439703132247 7.447092278477794
0.5906015037593986 562.2529802261699 -65.26426345186263 7.534850720387951 592.2560274114901 -66.78397337556812 7.491692136271928
0.5955639097744362 549.9592245909067 -64.73346564352578 7.577528973523619 579.3752995847907 -66.25076452316755 7.5355457378248305
0.6005263157894737 537.7302498558315 -64.19091459389222 7.619486145493841 566.5578629223023 -65.70507694215246 7.578659437628588
0.6054887218045113 525.570817280334 -63.63689482462264 7.660728677633578 553.8089526210347 -65.14721174062215 7.621039642446398
0.6104511278195489 513.4855183931334 -63.07168565835951 7.701263035625719 541.1336185743041 -64.57746467135995 7.6626928011715485
0.6154135338345865 501.47877982363764 -62.4955612436377 7.741095701009664 528.5367305171194 -63.99612614417499 7.70362539521957
0.6203759398496241 489.55486806279424 -61.90879058573699 7.78023316315763 516.0229831082548 -63.403481245402745 7.743843929432856
0.6253383458646617 477.7178941494286 -61.311637582999154 7.8186819116983735 503.5969009437102 -62.79980976402412 7.783354923476958
0.6303007518796993 465.97181827866757 -60.704361068167415 7.856448429369604 491.26284349686154 -62.18538622389361 7.8221649037088214
0.6352631578947369 454.32045432948985 -60.08721485432978 7.8935391852808 479.02500998118177 -61.56047992159367 7.860280395497066
0.6402255639097745 442.7674743088268 -59.46044778506467 7.92996062856776 466.887444131921 -60.92535496945843 7.897707915975471
0.6451879699248121 431.31641271012654 -58.824303788421396 7.965719182422084 454.854038903611 -60.28027034333365 7.934453967210544
0.6501503759398497 419.97067078459634 -58.17902193438265 8.000821238478542 442.928541080753 -59.625479934669904 7.970525029765783
0.6551127819548873 408.73352072368584 -57.524836495475604 8.035273151543443 431.1145557994427 -58.96123260656445 8.005927556644542
0.6600751879699249 397.6081097517243 -56.86197701022658 8.06908123464884 419.41555097801097 -58.28777225338741 8.04066796759454
0.6650375939849624 386.5974641278853 -56.19066834916592 8.102251754416944 407.83486165532156 -57.605337863663614 8.074752643757611
0.67 375.7044930568844 -55.51113078310782 8.13479092671957 396.37569423526503 -56.91416358587201 8.1081879226487
0.6749624060150377 364.93199250815474 -54.82358005345604 8.166704912619101 385.04113063694285 -56.21447879688941 8.140980093448581
0.6799248120300753 354.28264894334404 -54.128227444291554 8.19799981457659 373.83413234962745 -55.50650817277566 8.173135392595098
0.6848872180451129 343.75904295226405 -53.42527985602098 8.228681672913877 362.75754439232827 -54.79047176165399 8.204659999659404
0.6898496240601505 333.36365279756876 -52.714939880378594 8.25875646251706 351.81409917772993 -54.06658505842665 8.235560033491542
0.694812030075188 323.0988578686132 -51.99740587658803 8.288230089768954 341.00642028071604 -53.33505908111471 8.265841548624424
0.6997744360902256 312.9669420450822 -51.272872048503174 8.31710838969877 330.3370261116371 -52.59610044859062 8.295510531920758
0.7047368421052632 302.9700969711295 -50.541528522562196 8.345397123337623 319.8083334948551 -51.849911459516335 8.32457289945217
0.7096992481203008 293.11042524084536 -49.80356142639663 8.373101975268836 309.42266115315044 -51.09669017229888 8.35303449359813
0.7146616541353384 283.3899434960477 -49.059152967956436 8.400228551362913 299.1822330987207 -50.336630485888925 8.380901080352778
0.719624060150376 273.81058543740096 -48.30848151501387 8.426782376686766 289.0891819316615 -49.56992222126651 8.408178346829159
0.7245864661654136 264.3742047500292 -47.551721674928146 8.45276889357808 279.14555204691123 -48.79675120346562 8.434871898950044
0.7295488721804512 255.08257794477862 -46.78904437455286 8.47819345987482 269.35330275071726 -48.017299343999504 8.460987259315075
0.7345112781954888 245.9374071164338 -46.02061694018805 8.503061347291984 259.7143112878167 -47.23174472356433 8.48652986523477
0.7394736842105264 236.940322620171 -45.24660317747846 8.527377739936483 250.2303757805425 -46.44026167490199 8.511505066921627
0.744436090225564 228.09288566762035 -44.46716345117282 8.551147732952355 240.90321808118335 -45.64302086571967 8.535918125829973
0.7493984962406016 219.39659084392468 -43.68245476466448 8.574376331288555 231.73448653893018 -44.84018938156471 8.559774213135265
0.7543609022556391 210.8528685472213 -42.892630839241896 8.59706844858184 222.7257586828428 -44.031930808571225 8.58307840834552
0.7593233082706767 202.46308735199545 -42.09784219298473 8.619228906148019 213.87854382225152 -43.21840531599223 8.605835698036119
0.7642857142857143 194.2285562977624 -41.298236219245155 8.640862432074277 205.19428556608273 -42.39976973844783 8.628050974701301
0.769248120300752 186.15052710456206 -40.49395726466456 8.661973660406842 196.67436426260116 -41.5761776578213 8.649729035714666
0.7742105263157896 178.23019631673762 -39.68514670667591 8.682567130427213 188.32009936108406 -40.74777948474414 8.670874582392111
0.7791729323308272 170.46870737649186 -38.87194303045281 8.702647286011612 180.1327516969501 -39.91472253961626 8.691492219150673
0.7841353383458647 162.86715262869257 -38.054481905267025 8.722218475067756 172.11352570187523 -39.07715113311321 8.711586452756805
0.7890977443609023 155.42657525840497 -37.232896260223086 8.741284949043834 164.26357154043723 -38.23520664614036 8.731161691658684
0.7940601503759399 148.14797116262085 -36.40731635934333 8.759850862504592 156.58398717480696 -37.3890276091943 8.750222245396287
0.7990225563909775 141.03229075762522 -35.5778698759782 8.777920272769524 149.07582035901606 -36.538749781101075 8.768772324084233
0.8039849624060151 134.0804407234497 -34.744681966524766 8.795497139609102 141.7400705643176 -35.68450622710387 8.786816037962254
0.8089473684210527 127.29328568681632 -33.90787534343474 8.81258532499396 134.57769083712915 -34.82642739627543 8.804357397008197
0.8139097744360902 120.671649843979 -33.067570347501594 8.829188592893516 127.58958959104638 -33.96464119823689 8.821400310609091
0.8188721804511279 114.2163185248312 -32.223885019416215 8.845310609119815 120.77663233438633 -33.099273079167254 8.837948587285826
0.8238345864661655 107.92803969963254 -31.376935170585163 8.860954941212855 114.139643334702 -32.23044609709125 8.854005934467223
0.8287969924812031 101.80752542967166 -30.526834453206966 8.87612505836388 107.67940722167583 -31.358280996436076 8.869575958309477
0.8337593984962407 95.85545326316588 -29.67369442960601 8.890824331373318 101.39667052978771 -30.48289628185191 8.884662163557223
0.8387218045112783 90.07246757765972 -28.81762464082465 8.905056032640074 95.29214318211396 -29.60440829129297 8.89926795344268
0.8436842105263158 84.45918087015812 -27.958732674476998 8.918823336179242 89.36649991658292 -28.72293126835772 8.913396629619237
0.8486466165413534 79.01617499619834 -27.097124231869543 8.932129317665224 83.62038165599404 -27.838577433892002 8.927051392126591
0.853609022556391 73.74400235903335 -26.232903194396503 8.944976954497694 78.05439682305521 -26.95145705685744 8.940235339384008
0.8585714285714287 68.64318705006059 -25.366171689217857 8.957369125887718 72.6691226016782 -26.06167852447281 8.95295146820907
0.8635338345864663 63.71422594160621 -24.49703015423187 8.969308612961594 67.46510614572468 -25.169348411636346 8.96520267385897
0.8684962406015039 58.95758973313177 -23.62557740235367 8.980798098880198 62.4428657363643 -24.27457154963883 8.97699175009187
0.8734586466165414 54.37372395189795 -22.75191068511339 8.991840168971505 57.60289188917958 -23.377451094181502 8.98832138924583
0.878421052631579 49.96304990908835 -21.87612575558928 9.002437310874376 52.94564841207593 -22.47808859270669 8.999194182332918
0.8833834586466166 45.725965612356944 -20.99831693069167 9.012591914691539 48.471573415092216 -21.5765840510643 9.009612619146376
0.8883458646616542 41.662846635725806 -20.11857715281466 9.022306273150045 44.18108027308734 -20.67303599952371 9.019579088378704
0.8933082706766918 37.77404694773057 -19.236998050874686 9.031582581767381 40.07455854229295 -19.767541558151645 9.029095877748864
0.8982706766917294 34.059899698665454 -18.353670000754065 9.04042293902166 36.152374831665526 -18.860196501573977 9.0381651741365
0.9032330827067669 30.520717967752446 -17.46868218517071 9.048829346524396 32.414873629937254 -17.951095323142017 9.04678906372171
0.9081954887218046 27.15679547101627 -16.582122652993956 9.056803709194284 28.862378089218275 -17.0403312985228 9.05496953212858
0.9131578947368422 23.968407230614844 -15.694078378029037 9.064347835430885 25.495190765975085 -16.127996548736323 9.062708464571031
0.9181203007518798 20.95581020633505 -14.804635317291684 9.071463437286738 22.31359432016077 -15.214182102661415 9.070007645999542
0.9230827067669174 18.11924388993055 -13.91387846879643 9.078152130636798 19.31785217323894 -14.298977959033827 9.076868761247395
0.928045112781955 15.458930862940234 -13.021891928881853 9.084415435344201 16.50820912580224 -13.382473147960619 9.083293395175236
0.9330075187969925 12.975077318588912 -12.128758949096738 9.090254775421176 13.88489193544698 -12.464755791975264 9.089283032812784
0.9379699248120301 10.667873548339118 -11.234561992671908 9.095671479184261 11.448109855526145 -11.545913166658885 9.094839059496598
0.9429323308270677 8.53749439362242 -10.339382790602414 9.100666779402973 9.198055135362988 -10.62603176085305 9.099962761002946
0.9478947368421053 6.58409966324645 -9.443302397365661 9.105241813441017 7.134903482471124 -9.705197336491057 9.104655323674857
0.952857142857143 4.807834516934709 -8.546401246300716 9.109397623389416 5.258814487282024 -8.783494988073246 9.108917834542462
0.9578195488721806 3.2088298154242385 -7.6487592046755 9.113135156190832 3.569932010848792 -7.86100920181464 9.11275128143597
0.9627819548872181 1.7872024375067046 -6.750455628467479 9.116455263754466 2.068384535950508 -6.937823914491707 9.116156553090496
0.9677443609022557 0.5430555643652957 -5.851569416884635 9.119358703061 0.7542854819837788 -6.014022572015602 9.119134439242112
0.9727067669172933 -0.523521068475864 -4.952179066653857 9.121846136257084 -0.3722665160081402 -5.089688187761023 9.121685630714687
0.9776691729323309 -1.4124509513100763 -4.052362726102765 9.123918130738963 -1.3111873638615679 -4.16490340067789 9.123810719496829
0.9826315789473685 -2.123670612267098 -3.152198249063442 9.125575159224839 -2.062407300102223 -3.2397505332146825 9.125510198808687
0.9875939849624061 -2.6571294609841525 -2.251763248623832 9.126817599815627 -2.625870722806991 -2.3143116490826117 9.126784463158165
0.9925563909774437 -3.0127896637519647 -1.3511351507556224 9.127645736043917 -3.0015360513250977 -1.388668610888504 9.127633808386227
0.9975187969924812 -3.1906260499976673 -0.4503912478451086 9.128059756910867 -3.189375622704009 -0.4629031376659857 9.128058431701069
1.0024812030075188 -3.1906260499976673 0.45039124784511064 9.128059756910867 -3.1893756227040093 0.4629031376659821 9.128058431701069
1.0074436090225565 -3.0127896637519536 1.3511351507556606 9.127645736043917 -3.001536051325112 1.388668610888504 9.127633808386227
1.012406015037594 -2.6571294609841036 2.2517632486238455 9.126817599815627 -2.6258707228069484 2.314311649082669 9.126784463158167
1.0173684210526317 -2.1236706122671136 3.152198249063461 9.125575159224839 -2.062407300102191 3.2397505332147274 9.125510198808687
1.0223308270676692 -1.4124509513100434 4.052362726102802 9.123918130738966 -1.3111873638615694 4.164903400677872 9.12381071949683
1.027293233082707 -0.5235210684758493 4.9521790666538825 9.12184613625708 -0.3722665160080756 5.089688187761094 9.121685630714685
1.0322556390977444 0.543055564365325 5.851569416884667 9.119358703061 0.7542854819838152 6.01402257201563 9.119134439242115
1.0372180451127821 1.787202437506741 6.750455628467503 9.116455263754464 2.0683845359505177 6.937823914491732 9.1161565530905
1.0421804511278197 3.2088298154243176 7.648759204675539 9.113135156190832 3.56993201084884 7.8610092018146815 9.11275128143597
1.0471428571428572 4.807834516934715 8.546401246300727 9.109397623389414 5.258814487282063 8.783494988073256 9.108917834542462
1.0521052631578949 6.584099663246541 9.443302397365706 9.105241813441014 7.1349034824711755 9.705197336491082 9.104655323674855
1.0570676691729324 8.537494393622492 10.339382790602446 9.100666779402976 9.198055135363123 10.62603176085311 9.099962761002947
1.06203007518797 10.667873548339195 11.23456199267195 9.09567147918426 11.448109855526244 11.54591316665892 9.094839059496595
1.0669924812030076 12.975077318588946 12.128758949096756 9.090254775421176 13.884891935447062 12.464755791975293 9.089283032812782
1.071954887218045 15.45893086294025 13.021891928881864 9.084415435344201 16.508209125802328 13.382473147960656 9.083293395175238
1.0769172932330828 18.119243889930743 13.913878468796486 9.078152130636798 19.317852173239096 14.298977959033877 9.076868761247395
1.0818796992481203 20.955810206335087 14.804635317291698 9.071463437286736 22.313594320160924 15.214182102661454 9.070007645999544
1.086842105263158 23.96840723061503 15.694078378029086 9.064347835430885 25.495190765975345 16.127996548736395 9.062708464571035
1.0918045112781956 27.15679547101638 16.582122652993988 9.056803709194288 28.862378089218268 17.0403312985228 9.054969532128581
1.0967669172932333 30.52071796775263 17.468682185170763 9.048829346524396 32.4148736299372 17.951095323142 9.04678906372171
1.1017293233082708 34.05989969866555 18.353670000754093 9.040422939021665 36.15237483166555 18.86019650157397 9.038165174136495
1.1066917293233083 37.77404694773061 19.236998050874696 9.031582581767381 40.074558542293076 19.767541558151677 9.029095877748862
1.111654135338346 41.66284663572598 20.11857715281469 9.022306273150036 44.18108027308759 20.673035999523766 9.019579088378705
1.1166165413533835 45.72596561235696 20.998316930691672 9.012591914691539 48.47157341509235 21.576584051064334 9.009612619146372
1.1215789473684212 49.96304990908848 21.8761257555893 9.002437310874374 52.94564841207587 22.478088592706687 8.999194182332927
1.1265413533834587 54.373723951898114 22.751910685113426 8.991840168971507 57.60289188917967 23.37745109418152 8.98832138924583
1.1315037593984962 58.95758973313187 23.62557740235369 8.980798098880198 62.4428657363645 24.274571549638864 8.97699175009187
1.136466165413534 63.71422594160646 24.497030154231908 8.969308612961589 67.46510614572466 25.169348411636342 8.965202673858963
1.1414285714285715 68.64318705006067 25.36617168921787 8.957369125887713 72.66912260167827 26.061678524472836 8.952951468209077
1.1463909774436092 73.74400235903363 26.232903194396542 8.944976954497694 78.05439682305553 26.95145705685749 8.940235339384008
1.1513533834586467 79.01617499619857 27.09712423186958 8.932129317665225 83.62038165599438 27.83857743389206 8.927051392126591
1.1563157894736844 84.45918087015835 27.958732674477034 8.918823336179242 89.36649991658311 28.722931268357737 8.913396629619234
1.161278195488722 90.07246757765988 28.81762464082469 8.905056032640077 95.29214318211432 29.60440829129302 8.899267953442676
1.1662406015037594 95.85545326316588 29.673694429605998 8.890824331373313 101.3966705297879 30.482896281851936 8.884662163557222
1.1712030075187971 101.80752542967187 30.526834453207 8.87612505836388 107.67940722167586 31.358280996436093 8.869575958309477
1.1761654135338346 107.92803969963276 31.376935170585206 8.860954941212862 114.13964333470236 32.23044609709131 8.85400593446723
1.1811278195488724 114.21631852483165 32.22388501941628 8.845310609119819 120.77663233438633 33.09927307916725 8.837948587285824
1.1860902255639099 120.67164984397925 33.06757034750163 8.829188592893521 127.58958959104658 33.96464119823692 8.821400310609095
1.1910526315789474 127.29328568681649 33.90787534343477 8.812585324993956 134.5776908371293 34.82642739627545 8.804357397008202
1.196015037593985 134.08044072344995 34.74468196652478 8.795497139609095 141.74007056431765 35.68450622710387 8.786816037962243
1.2009774436090226 141.03229075762522 35.57786987597821 8.777920272769524 149.07582035901623 36.5387497811011 8.768772324084233
1.2059398496240603 148.14797116262076 36.407316359343305 8.759850862504578 156.58398717480728 37.38902760919433 8.750222245396285
1.2109022556390978 155.42657525840542 37.232896260223185 8.741284949043852 164.26357154043765 38.23520664614041 8.731161691658684
1.2158646616541355 162.86715262869302 38.054481905267096 8.722218475067763 172.1135257018758 39.07715113311329 8.71158645275681
1.220827067669173 170.4687073764922 38.87194303045284 8.702647286011603 180.13275169695027 39.91472253961628 8.691492219150673
1.2257894736842105 178.23019631673776 39.68514670667594 8.682567130427216 188.32009936108426 40.74777948474417 8.670874582392113
1.2307518796992483 186.15052710456177 40.4939572646645 8.661973660406824 196.6743642626013 41.57617765782129 8.649729035714655
1.2357142857142858 194.2285562977625 41.29823621924517 8.640862432074275 205.1942855660824 42.39976973844777 8.628050974701294
1.2406766917293235 202.46308735199537 42.097842192984665 8.619228906147999 213.87854382225152 43.2184053159922 8.605835698036108
1.245639097744361 210.85286854722136 42.8926308392419 8.597068448581842 222.72575868284287 44.03193080857121 8.583078408345512
1.2506015037593985 219.39659084392488 43.682454764664506 8.574376331288553 231.73448653893007 44.8401893815647 8.559774213135265
1.2555639097744362 228.09288566762075 44.46716345117288 8.551147732952364 240.90321808118347 45.64302086571965 8.53591812582996
1.2605263157894737 236.94032262017126 45.24660317747853 8.527377739936494 250.23037578054362 46.44026167490216 8.511505066921643
1.2654887218045114 245.93740711643446 46.02061694018813 8.50306134729199 259.7143112878174 47.23174472356442 8.486529865234777
1.270451127819549 255.08257794477882 46.789044374552844 8.478193459874808 269.3533027507182 48.01729934399965 8.460987259315097
1.2754135338345867 264.3742047500298 47.55172167492819 8.452768893578078 279.1455520469109 48.796751203465526 8.43487189895002
1.2803759398496242 273.81058543740215 48.30848151501401 8.426782376686786 289.0891819316629 49.569922221266644 8.408178346829162
1.2853383458646617 283.3899434960475 49.05915296795641 8.400228551362908 299.18223309872144 50.336630485888975 8.380901080352777
1.2903007518796994 293.1104252408464 49.803561426396726 8.373101975268842 309.42266115315215 51.096690172299034 8.353034493598138
1.295263157894737 302.97009697113003 50.54152852256227 8.345397123337632 319.80833349482685 51.849911459513834 8.324572899452104
1.3002255639097746 312.9669420450832 51.27287204850326 8.31710838969877 330.33702611163085 52.596100448590065 8.295510531920739
1.3051879699248121 323.09885786861315 51.99740587658802 8.28823008976895 341.0064202807167 53.33505908111478 8.265841548624431
1.3101503759398498 333.3636527975689 52.71493988037855 8.258756462517047 351.8140991777332 54.066585058426895 8.235560033491542
1.3151127819548873 343.7590429522639 53.42527985602091 8.228681672913869 362.75754439236306 54.79047176165679 8.20465999965945
1.3200751879699248 354.2826489433444 54.12822744429157 8.197999814576589 373.834132349628 55.506508172775725 8.173135392595105
1.3250375939849626 364.9319925081555 54.82358005345611 8.166704912619101 385.04113063694354 56.214478796889445 8.140980093448576
1.33 375.7044930568844 55.511130783107774 8.13479092671956 396.37569423526475 56.91416358587198 8.108187922648696
1.3349624060150378 386.5974641278858 56.190668349165946 8.102251754416939 407.8348616553217 57.60533786366354 8.074752643757591
1.3399248120300753 397.60810975172626 56.86197701022678 8.069081234648856 419.4155509780106 58.2877722533873 8.04066796759452
1.3448872180451128 408.7335207236845 57.524836495475384 8.035273151543405 431.11455579944266 58.96123260656444 8.00592755664454
1.3498496240601505 419.9706707845975 58.17902193438274 8.000821238478549 442.928541080753 59.62547993466983 7.970525029765766
1.354812030075188 431.3164127101269 58.824303788421474 7.965719182422098 454.8540389036111 60.28027034333365 7.934453967210537
1.3597744360902257 442.7674743088262 59.46044778506456 7.92996062856774 466.8874441319222 60.925354969458496 7.897707915975464
1.3647368421052632 454.3204543294911 60.087214854329915 7.893539185280814 479.0250099811828 61.560479921593796 7.860280395497083
1.369699248120301 465.971818278667 60.704361068167316 7.856448429369587 491.26284349686347 62.185386223893794 7.822164903708836
1.3746616541353385 477.71789414942873 61.31163758299915 7.81868191169837 503.5969009437096 62.79980976402406 7.7833549234769555
1.379624060150376 489.5548680627959 61.90879058573718 7.78023316315765 516.0229831082552 63.40348124540278 7.74384392943286
1.3845864661654137 501.4787798236411 62.49556124363808 7.7410957010097015 528.5367305171208 63.996126144175136 7.703625395219584
1.3895488721804512 513.4855183931338 63.07168565835954 7.701263035625722 541.1336185743035 64.57746467135986 7.662692801171534
1.394511278195489 525.5708172803344 63.63689482462264 7.660728677633576 553.8089526210342 65.14721174062211 7.621039642446391
1.3994736842105264 537.730249855832 64.19091459389224 7.619486145493841 566.5578629223049 65.70507694215271 7.578659437628615
1.404436090225564 549.9592245909093 64.73346564352606 7.57752897352365 579.3752995847913 66.2507645231676 7.535545737824838
1.4093984962406017 562.2529802261703 65.26426345186262 7.534850720387945 592.2560274114886 66.78397337556791 7.491692136271898
1.4143609022556392 574.606580874057 65.78301827974217 7.491444978077723 605.1946206989348 67.3043970313223 7.447092278477787
1.4193233082706769 587.0149110603702 66.2894351589903 7.4473053813961405 618.1854579837516 67.8117236661783 7.4017398729175525
1.4242857142857144 599.4726707104409 66.78321388841778 7.402425617973373 631.2227167458182 68.30563611232813 7.355628702305708
1.429248120300752 611.9743700862821 67.26404903791834 7.356799438831311 644.3003680763193 68.78581188069494 7.308752635467066
1.4342105263157896 624.5143246818461 67.73162996128828 7.310420669520683 657.41217131963 69.25192319353303 7.261105639828552
1.439172932330827 637.0866500841082 68.18564081840339 7.263283221851438 670.551668698987 69.70363702807222 7.2126817945542205
1.4441353383458648 649.685256808689 68.6257606074447 7.215381106240122 683.7121799367511 70.14061517196929 7.163475304346505
1.4490977443609023 662.3038451194673 69.05166320788099 7.166708444696193 696.8867968814916 70.56251429138834 7.113480513937231
1.45406015037594 674.9358998426057 69.4630174349577 7.1172594844703285 710.0683781540927 70.96898601249745 7.062691923289195
1.4590225563909776 687.5746851863734 69.85948710647803 7.067028612388061 723.2495438278928 71.35967701731612 7.011104203533762
1.463984962406015 700.2132395791891 70.24073112269367 7.016010369891439 736.4226701575183 71.73422915478238 6.958712213665304
1.4689473684210528 712.8443705394155 70.60640356016619 6.964199468812527 749.5798843731874 72.0922795680033 6.905511018015585
1.4739097744360903 725.4606495915491 70.95615378048818 6.911590807901135 762.7130595583594 72.43346083867424 6.851495904530063
1.478872180451128 738.0544072446883 71.28962655479535 6.858179490129683 775.813809630085 72.75740114969787 6.796662403868462
1.4838345864661655 750.6177280505459 71.60646220504842 6.803960840798817 788.873484442583 73.06372446704418 6.74100630934865
1.4887969924812032 763.1424457594276 71.90629676307897 6.74893042646448 801.8831650366877 73.35205074198122 6.68452369775672
1.4937593984962407 775.6201385941558 72.1887621484496 6.693084074708764 814.8336590587135 73.62199613478259 6.627210951040116
1.4987218045112782 788.0421246635633 72.4534863662253 6.636417894776644 827.7154963746101 73.8731732611068 6.569064778903772
1.503684210526316 800.3994575381939 72.70009372574434 6.578928299095904 840.518924906496 74.10519146223614 6.510082242324962
1.5086466165413535 812.6829220133103 72.92820508158609 6.520612025703023 853.2339067209522 74.31765710043365 6.450260778003565
1.5136090225563912 824.8830300850691 73.13743809788521 6.461466161589023 865.8501143998939 74.51017388067181 6.389598223760271
1.5185714285714287 836.9900171684513 73.32740753726257 6.401488166985978 878.3569277271165 74.68234320004261 6.328092844895176
1.5235338345864662 848.9938385865537 73.49772557560081 6.340675900606001 890.7434307255036 74.83376452617625 6.265743361516446
1.528496240601504 860.8841663632222 73.64800214396699 6.279027645847279 902.9984090819123 74.96403580601654 6.202548976846067
1.5334586466165414 872.6503863527939 73.77784529899745 6.216542137977632 915.1103479989582 75.07275390632462 6.138509406507
1.5384210526315791 884.2815957430571 73.88686162310954 6.153218592306216 927.0674305150561 75.1595150873011 6.073624908793424
1.5433834586466166 895.7666009689391 73.97465665587423 6.08905673334659 938.8575363363511 75.22391551072954 6.0078963159224585
1.5483458646616544 907.093916077469 74.04083535797274 6.024056824977433 950.468241226243 75.26555178403558 5.941325066260449
1.5533082706766919 918.2517615858973 74.08500260910915 5.958219701598569 961.8868170008141 75.28402154168755 5.8739132375159215
1.5582706766917294 929.2280638779878 74.10676374133075 5.891546800281931 973.1002321804897 75.2789240653318 5.805663580884003
1.563233082706767 940.0104551846769 74.10572510912786 5.824040193906348 984.0951533506261 75.24986094405149 5.736579556123401
1.5681954887218046 950.5862741987526 74.08149469777794 5.755702625268518 994.857947286315 75.1964367761399 5.6666653675433345
1.5731578947368423 960.9425673746023 74.03368277131419 5.686537542151335 1005.3746838985157 75.11825991371198 5.595926000868994
1.5781203007518798 971.0660909669227 73.96190256153284 5.616549133329842 1015.6311400613454 75.0149432514749 5.52436726095055
1.5830827067669173 980.9433138644151 73.8657709994114 5.545742365487989 1025.6128043816125 74.88610506089992 5.451995810274955
1.588045112781955 990.5604212768155 73.7449094902833 5.474123021013695 1035.3048829765826 74.73136987105629 5.378819208228805
1.5930075187969925 999.9033193358127 73.59894473407196 5.401697736633444 1044.692306323489 74.55036939716815 5.304845951058965
1.5979699248120303 1008.9576406728625 73.42750959185125 5.328474042841615 1053.759737250458 74.34274351799148 5.230085512464071
1.6029323308270678 1017.7087510386782 73.2302439999146 5.254460404071314 1062.4915801384218 74.10814130297632 5.154548384746724
1.6078947368421055 1026.14175703156 73.00679593248196 5.1796662595465355 1070.8719914052544 73.8462220900379 5.078246120442945
1.612857142857143 1034.2415150036118 72.75682241408592 5.104102064747884 1078.8848913456366 73.55665661469784 5.001191374340832
1.6178195488721805 1041.992641215508 72.47999058256335 5.027779333413782 1086.5139774006109 73.23912819115283 4.9233979457859665
1.6227819548872182 1049.3795233125811 72.17597880349646 4.950710679992504 1093.742738932764 72.89333394574045 4.844880821166005
1.6277443609022557 1056.38633319593 71.8444778367791 4.872909862447834 1100.554473582767 72.51898610302354 4.765656216450871
1.6327067669172934 1062.9970413641004 71.48519205587993 4.794391825314075 1106.932305284694 72.11581332460875 4.6857416196601935
1.637669172932331 1069.1954328016664 71.09784072019374 4.71517274288436 1112.8592040167139 71.68356210053507 4.605155833113346
1.6426315789473687 1074.9651244915424 70.68215930067214 4.635270062403592 1118.3180073640465 71.22199819286857 4.523919015307904
1.6475939849624062 1080.2895846293895 70.23790085880351 4.554702547131737 1123.2914439702972 70.73090813089541 4.4420527222614
1.6525563909774437 1085.1521536171192 69.76483747868733 4.473490319123499 1127.7621589549371 70.21010075712002 4.359579948139363
1.6575187969924814 1089.536066913955 69.26276175182912 4.391654901566802 1131.7127413648323 69.65940882268154 4.276525164975243
1.662481203007519 1093.4244798216168 68.7314883139374 4.309219260503838 1135.1257537395581 69.07869063101336 4.19291436128573
1.6674436090225566 1096.800494280365 68.17085543280797 4.226207845751225 1137.9837638548556 68.46783172775713 4.108775079363169
1.6724060150375941 1099.6471877501704 67.58072664602 4.142646630818847 1140.2693787127291 67.82674663485975 4.02413645101892
1.6773684210526316 1101.9476442506598 66.96099244693869 4.0585631516194995 1141.9652808415221 67.15538062637441 3.9390292315403785
1.6823308270676693 1103.6849876295114 66.31157201709019 3.9739865437427597 1143.054266964934 66.45371154308475 3.853485831610816
1.6872932330827068 1104.8424171281836 65.63241500275453 3.888947578061955 1143.5192890942817 65.72175164268117 3.767540346930129
1.6922556390977446 1105.403245308577 64.92350333314593 3.8034786944239745 1143.3434980939815 64.9595494818615 3.6812285852667532
1.697218045112782 1105.3509384012127 64.1848530772271 3.7176140331637244 1142.5102897625402 64.1671918262131 3.5945880906555874
1.7021804511278198 1104.669159131418 63.41651633583203 3.6313894641743603 1141.0033534674326 63.344805583447595 3.5076581644557367
1.7071428571428573 1103.3418120739548 62.61858316531067 3.544842613251204 1138.8067233624693 62.492559754970756 3.420479882964675
1.7121052631578948 1101.3530915820593 61.79118352855673 3.4580128854204677 1135.904832211037 61.61066740047178 3.3330961112867925
1.7170676691729325 1098.6875323301538 60.93448926882019 3.3709414849529864 1132.2825678289478 60.69938760968799 3.245551513142968
1.72203007518797 1095.330062502821 60.048716101280604 3.2836714317553133 1127.9253321530014 59.75902747512569 3.157892556307124
1.7269924812030077 1091.2660596570831 59.13412561701219 3.1962475738283516 1122.8191029322425 58.78994405908449 3.0701675133525144
1.7319548872180452 1086.4814092757106 58.191027293437884 3.108716595472045 1116.950498029907 57.79254634793233 2.9824264573899257
1.7369172932330827 1080.9625660232327 57.21978050505953 3.021127020916926 1110.3068423142277 56.76729718618063 2.8947212524814123
1.7418796992481205 1074.696617707763 56.22079652780272 2.9335292130585175 1102.876237107624 55.71471518257917 2.8071055384176447
1.746842105263158 1067.6713519451064 55.19454053002218 2.845975366975351 1094.6476321549735 54.63537658015258 2.7196347095546956
1.7518045112781957 1059.875325512136 54.14153354276121 2.7585194979080443 1085.610900061848 53.52991708175895 2.63236588741094
1.7567669172932332 1051.2979363707045 53.06235440165955 2.671217423387896 1075.7569131445262 52.39903362257243 2.5453578867432727
1.761729323308271 1041.9294983361924 51.957641652609425 2.5841267392092293 1065.0776226329608 51.24348608080854 2.4586711748277015
1.7666917293233084 1031.7613183579556 50.828095413027626 2.497306788949152 1053.5661401500693 50.06409891771861 2.3723678236968513
1.771654135338346 1020.7857763748825 49.67447918050004 2.4108186267534735 1041.2168213968625 48.86176273803946 2.286511455098058
1.7766165413533836 1008.9964077068689 48.49762158054776 2.3247249731273882 1028.025351966111 47.63743576214617 2.201167177969147
1.7815789473684212 996.3879879377582 47.298418045084446 2.2390901634794886 1013.9888352068447 46.39214520124909 2.1164015182487432
1.7865413533834589 982.9566202520982 46.07783241355162 2.1539800892060685 999.1058820651779 45.12698852729193 2.0322823408701893
1.7915037593984964 968.6998251864497 44.83689844865995 2.06946213111499 983.3767028370294 43.84313462977559 1.948878763828573
1.7964661654135339 953.6166327669798 43.5767212591945 1.9856050850274898 966.8032007721677 42.541824851991265 1.8662610642348185
1.8014285714285716 937.707677017057 42.298478622821335 1.9024790794286446 949.389067501802 41.224373900368334 1.7845005763235067
1.806390977443609 920.9752928353282 41.003422202453464 1.8201554850727206 931.1398802536914 39.89217062072018 1.7036695814138825
1.8113533834586468 903.4236152682188 39.69287865053511 1.7387068164881159 912.0632008933435 38.54667863732158 1.623841189876248
1.8163157894736843 885.0586812377933 38.36825059687638 1.658206625381088 892.1686768304062 37.18943685110128 1.5450892151981108
1.821278195488722 865.8885338203536 37.03101751660091 1.5787293859684057 871.468143903121 35.822059795335576 1.46748804029896
1.8262406015037596 845.9233292322751 35.68273647667303 1.500350372335656 849.9757314081799 34.44623784874949 1.391112476287991
1.831203007518797 825.1754467415385 34.325042761062264 1.4231455279596632 827.7079695268485 33.06373730819337 1.3160376139177972
1.8361654135338348 803.6596018086748 32.959650376844195 1.347191327591601 804.6838994930195 31.676400325344105 1.2423386680339121
1.8411278195488723 781.39296286644 31.5883524461633 1.2725646317575454 780.925186972434 30.286144714818022 1.1700908153777732
1.84609022556391 758.3952722759168 30.213021491971972 1.1993425341907156 756.4562392646922 28.894963644113204 1.099369026144548
1.8510526315789475 734.6889721525413 28.83560962886702 1.1276022025643968 731.3043271254564 27.504925219742972 1.030247889754591
1.856015037593985 710.2993359571165 27.458148674740528 1.0574207129650888 705.4997122249524 26.11817198814566 0.9628014353397248
1.8609774436090227 685.254606981247 26.082750203537728 0.9888748785926609 679.0757815273992 24.736920374878878 0.8971029474838759
1.8659398496240602 659.5861451654928 24.711605565600678 0.9220410732505983 652.0691902186172 23.363460091738148 0.8332247778014491
1.870902255639098 633.328584048224 23.346985908471822 0.8569950502275788 624.5200152028192 22.000153547890818 0.7712381529582558
1.8758646616541355 606.520000117931 21.991242239723647 0.7938117572464549 596.471921743323 20.649435310111585 0.7112129797638702
1.8808270676691732 579.2020974132975 20.646805582925765 0.7325651481930123 567.9723464143553 19.313811666073036 0.6532176479702585
1.8857894736842107 551.420410957764 19.316187290272865 0.6733279923975047 539.0727003846769 17.99586035726935 0.5973188314002584
1.8907518796992482 523.2245335464231 18.00197959013184 0.6161716822769094 509.8285980875735 16.698230562874812 0.5435812880124076
1.895714285714286 494.66837160669274 16.706856466385375 0.5611660401829127 480.30011762541835 15.42364323312853 0.492067659439789
1.9006766917293234 465.81043741960457 15.433574990048953 0.5083791253317941 450.5521010529246 14.174891895161522 0.4428382704759628
1.9056390977443611 436.7141870373671 14.184977253562693 0.45787704170325016 420.6545049148044 12.954844082514171 0.39595092884123634
1.9106015037593986 407.4484159676176 12.963993097393313 0.4097237478026955 390.68281447885056 11.76644357818651 0.3514607253793031
1.9155639097744361 378.08772837953256 11.77364387021845 0.3639808691667128 360.71853923084745 10.61271371182221 0.30941983458068595
1.9205263157894739 348.7131006303953 10.617047533152402 0.32070751444644546 330.84981285594404 9.4967620192769 0.269877314943534
1.9254887218045114 319.4125669553978 9.497425513664439 0.2799600958423298 301.17212887645655 8.421786666316734 0.2328789081548621
1.930451127819549 290.28206514848716 8.418111846977297 0.2417921545349202 271.7892544596998 7.391085168752966 0.19846683530169004
1.9354135338345866 261.42649455533683 7.382565331443857 0.20625419156404234 242.8143814181003 6.408066127318364 0.16667958718471143
1.9403759398496243 232.96106022982167 6.3943856999133 0.17339350430092965 214.37159830078235 5.476264970859404 0.13755170411898804
1.9453383458646618 205.01300995064412 5.457335221805295 0.14325402814984614 186.5978055603664 4.5993651128219994 0.1111135380045397
1.9503007518796993 177.72392248578763 4.5753677881926365 0.11587618226948848 159.64525662648884 3.7812265697233443 0.08739098537286055
1.955263157894737 151.2527898253211 3.7526685524099435 0.09129671665583317 133.68500850969212 3.025925131655015 0.06640517353587826
1.9602255639097745 125.78027955754078 2.993708897481838 0.06954855528749136 108.91174034195501 2.3378069351298336 0.048172071045542
1.9651879699248123 101.51482026716621 2.303324473003613 0.05066062503043725 85.55071987846532 1.7215664432543463 0.03270197524705054
1.9701503759398498 78.70164123454015 1.6868295553526877 0.03465764982119026 63.86833439565453 1.1823619078083993 0.019998798958204136
1.9751127819548875 57.6369013191179 1.1501919918338217 0.02155986731675057 44.188991171984526 0.7259952586022109 0.010059033550896858
1.980075187969925 38.691320365021966 0.7003171714923155 0.011382571076379123 26.924673276498652 0.3592147594715698 0.0028702584358057948
1.9850375939849625 22.353650121924147 0.34554993117728827 0.004135231706635523 12.6342815008029 0.09029460917668075 -0.001590304988224034
1.99 9.323110616369377 0.09668592332377557 -0.00018054772620814676 2.1803153580694925 -0.06950998282263754 -0.0033470974168579915
