0.01 -1.2112760406507732 0.15942369346771557 -0.01298034818935321 -2.663868431587616 0.26166674837213577 -0.00846294551391793
0.014962406015037594 1.0162137236293347 0.12147355421751627 -0.015084867101089118 -3.0297428585854504 0.34350507202947256 -0.02113123728615847
0.01992481203007519 4.248739081598615 0.02466570037870497 -0.014363165192165184 -1.249594495860947 0.34252650034926546 -0.0265839912170037
0.024887218045112784 8.266820627323796 -0.12477436908937989 -0.010775287228369734 1.717361264986721 0.2818844483604721 -0.028950698196732107
0.029849624060150376 12.925104131510125 -0.3223185221581275 -0.00429230499190112 5.548905842922977 0.1691978766543798 -0.028628912567643286
0.034812030075187975 18.11748695658116 -0.5643874538809541 0.005107074762787534 10.07393306200629 0.008895118944451497 -0.02566444907472487
0.039774436090225566 23.761572189472645 -0.8479951070750076 0.017438119738091017 15.178426260298693 -0.19579116652664652 -0.020039766491845513
0.044736842105263165 29.790552274966558 -1.1705536516709003 0.03271089724110539 20.777133765985127 -0.44223705661607937 -0.011724615146687257
0.04969924812030076 36.14851017125238 -1.5297560157431747 0.05093072659086602 26.80196250447625 -0.7281844959395016 -0.0006884867795434957
0.05466165413533835 42.78749217326185 -1.9235003200093388 0.07209844234047012 33.19617820554777 -1.0516172916282471 0.013095761498144044
0.05962406015037595 49.66558188168938 -2.349838872021678 0.09621055738058432 39.91110181178556 -1.4106887022199999 0.029650794087149282
0.06458646616541354 56.74557815235221 -2.806942476176232 0.12325937234388107 46.90405194819914 -1.8036752545397974 0.0489944896296862
0.06954887218045112 63.9940566471937 -3.2930747752465095 0.15323305696773845 54.13697988847025 -2.2289454816458374 0.07113990725813438
0.07451127819548872 71.38068533388832 -3.806573429213387 0.18611571828213586 61.57552106294952 -2.68493787788438 0.09609534467392962
0.07947368421052632 78.87771393076673 -4.345836110240441 0.22188746456270111 69.18831258582941 -3.1701449116847584 0.12386442356772705
0.0844360902255639 86.45958593032583 -4.9093099849290525 0.26052447057180644 76.9464887402687 -3.6831012147318347 0.15444618005765565
0.0893984962406015 94.10263909249898 -5.495483780982738 0.3019990475477215 84.8232999781053 -4.222374761833521 0.18783515361803893
0.0943609022556391 101.78487109400112 -6.102881807027529 0.346279720104468 92.79382022583286 -4.786560258779986 0.22402147386418392
0.09932330827067669 109.48575399532365 -6.730059473063221 0.39333131136752686 100.8347188820494 -5.374274201749614 0.2629909465958889
0.10428571428571429 117.18608581686931 -7.375599979467353 0.443115037086119 108.92408115487297 -5.98415122808467 0.3047251410100472
0.10924812030075189 124.86787067216892 -8.038111926031803 0.49558860907138186 117.04126513814163 -6.614841482098797 0.3492014799182869
0.11421052631578947 132.51422109999703 -8.716227651324544 0.5507063480127983 125.16678717244758 -7.265008788852043 0.3963933345062174
0.11917293233082707 140.10927779579833 -9.408602155084765 0.6084193055079994 133.28222924660895 -7.933329478634988 0.4462701248520318
0.12413533834586467 147.63814306938093 -10.113912487469548 0.668675394977737 141.37016371173104 -8.618491738995061 0.4987974270845655
0.12909774436090227 155.08682518231217 -10.830857512055502 0.7314195310031608 149.4140916927381 -9.319195396801206 0.5539370877827366
0.13406015037593985 162.44219133611978 -11.558157967079495 0.7965937765243553 157.39839238670265 -10.034152051428123 0.6116473459610461
0.13902255639097746 169.69192754836786 -12.294556762824413 0.8641374972546743 165.30828103849353 -10.762085494301147 0.6718829627759022
0.14398496240601505 176.82450401141932 -13.038819463581746 0.9339875226030586 173.12977383636144 -11.501732360749713 0.7345953589004381
0.14894736842105266 183.82914480592763 -13.789734910938392 1.0060783123464205 180.84965832067905 -12.2518429686628 0.7997327593665631
0.15390977443609025 190.69580105806335 -14.546115951776528 1.0803421282539405 188.4554681595805 -13.011182304704391 0.8672403455363167
0.15887218045112783 197.41512680308801 -15.30680023991394 1.1567092098458716 195.93546137232102 -13.778531124753101 0.9370604137607359
0.16383458646616544 203.97845695461228 -16.07065108469999 1.2351079534433738 203.2786012331194 -14.552687138969418 1.0091325401900577
0.16879699248120303 210.37778689173365 -16.83655832376084 1.3154650936663046 210.47453923429862 -15.332466255864006 1.0833937511216931
0.1737593984962406 216.60575326693356 -17.603439200266564 1.397705886533781 217.51359959473484 -16.116703862739826 1.1597786982185654
0.17872180451127823 222.65561571238504 -18.370239227856132 1.4817542933300005 224.38676488795477 -16.904256122355775 1.238219837873183
0.1836842105263158 228.52123918470147 -19.135933028803322 1.5675331644157808 231.08566244537428 -17.694001268265197 1.3186476139678902
0.1886466165413534 234.1970767393541 -19.899525133101506 1.654964422185266 237.60255124269747 -18.4848408828355 1.4009906432440105
0.193609022556391 239.67815256975064 -20.66005072808683 1.7439692423988449 243.93030904149077 -19.275701144311483 1.4851759024917102
0.1985714285714286 244.96004518183167 -21.4165763498777 1.8344682331527438 250.06241959490194 -20.06553403056816 1.5711289167547449
0.20353383458646618 250.03887060584407 -22.168200509458728 1.9263816107847789 255.9929597682965 -20.853318468929587 1.658773947756933
0.2084962406015038 254.91126557298253 -22.914054247642454 2.0196293720587293 261.71658645718003 -21.638061422765745 1.7480341817614702
0.21345864661654138 259.57437060600705 -23.653301614370136 2.114131462011514 267.2285232131944 -22.4187989069284 1.8388319160946125
0.21842105263157896 264.02581299169856 -24.38514006899429 2.2098079368980126 272.52454651362336 -23.194596925361466 1.9310887435927129
0.22338345864661657 268.2636896183085 -25.10880079921904 2.306579121716898 277.60097163000023 -23.964552325315225 2.024725734255169
0.22834586466165416 272.28654967400473 -25.823548957317655 2.4043657618515484 282.4546380703948 -24.727793563780438 2.1196636134299225
0.23330827067669174 276.0933772132065 -26.52868381313013 2.5030891684145615 287.08289458449667 -25.483481382694364 2.2158229358888235
0.23827067669172936 279.6835736062694 -27.223538824095485 2.6026713569343105 291.4835837346168 -26.23080939051377 2.313124255201835
0.24323308270676694 283.0569398952923 -27.9074816233028 2.703035179078084 295.65502604650396 -26.969004548596615 2.4114882878594033
0.24819548872180452 286.2136590843469 -28.579913927152802 2.804104447156554 299.5960037635997 -27.697327561707965 2.5108360716457114
0.25315789473684214 289.1542783966079 -29.240271364765263 2.905804051204841 303.3057442360388 -28.415073172717072 2.6110891178128526
0.2581203007518797 291.8796915345108 -29.888023231799053 3.0080600684901913 306.78390298227066 -29.121570362292786 2.712169556661644
0.2630827067669173 294.39112098053874 -30.52267217169694 3.1107998653366566 310.0305464666327 -29.81618245505109 2.814000276182415
0.2680451127819549 296.69010037832845 -31.14375378781122 3.213952191212755 313.0461346383704 -30.498307134141598 2.9165050534675316
0.27300751879699253 298.7784570337144 -31.750836190095512 3.3174472650642928 315.8315032840982 -31.167376366943557 3.019608678654196
0.2779699248120301 300.65829457553 -32.34351948033054 3.4212168539204826 318.38784624362495 -31.82285624483957 3.1232370712119337
0.2829323308270677 302.33197581524826 -32.92143518003388 3.5251943438390216 320.71669754266736 -32.46424674054943 3.227317388434445
0.2878947368421053 303.80210584335407 -33.48424560534801 3.629314803292249 322.81991349572957 -33.09108138686547 3.331778126049895
0.29285714285714287 305.0715153987278 -34.031643193289355 3.733515039128227 324.6996548317005 -33.70292688087592 3.4365492109023634
0.2978195488721805 306.1432445455483 -34.563349783814246 3.8377336452729214 326.35836889398 -34.2993826180532 3.5415620857083954
0.3027819548872181 307.02052668985436 -35.07911586215229 3.9419110443642325 327.7987719665831 -34.88008016082692 3.646749785930847
0.30774436090225565 307.7067729657234 -35.578719765860825 4.045989522534947 329.02383177311356 -35.44468264624773 3.7520470088478177
0.31270676691729327 308.2055570182863 -36.0619668609841 4.149913257580694 330.0367501964945 -35.99288413766223 3.8573901749376844
0.3176691729323309 308.52060020828105 -36.528688691635864 4.25362834076861 330.8409462624238 -36.52440892521527 3.962717481726429
0.32263157894736844 308.6557572599911 -36.978742107206855 4.357082792556215 331.44003942785184 -37.03901078010466 4.0679689502795275
0.32759398496240605 308.61500237178814 -37.412008371286475 4.46022657250414 331.83783321229 -37.53647216744727 4.1730864645423
0.33255639097744366 308.4024158055912 -37.82839225622487 4.563011583674116 332.0382992068851 -38.016603422595296 4.2780138037599205
0.3375187969924812 308.0221709689726 -38.22782112711806 4.665391671813261 332.0455614928177 -38.479241895643895 4.382696668227079
0.34248120300751883 307.47852200080155 -38.61024401880207 4.767322619627911 331.8638814973376 -38.92425106876864 4.4870826986354215
0.34744360902255644 306.7757918689327 -38.975630709281525 4.868762136456197 331.4976433123832 -39.351519650892456 4.59112148930118
0.352406015037594 305.91836098574026 -39.32397079279896 4.969669843646226 330.951339497556 -39.760960654039295 4.694764595568245
0.3573684210526316 304.91065634505594 -39.65527275556605 5.070007255947354 330.22955738579174 -40.15251045554264 4.797965535689708
0.3623308270676692 303.75714118178576 -39.96956305697305 5.169737759219159 329.336965907132 -40.52612785011195 4.90067978749942
0.3672932330827068 302.462305153308 -40.26688521887869 5.268826584757048 328.27830294271405 -40.88179309554179 5.002864780187782
0.3722556390977444 301.03065503983714 -40.547298925385675 5.3672407805289994 327.0583632182649 -41.2195069556484 5.104479881498598
0.377218045112782 299.46670595906954 -40.81087913529774 5.464949179610127 325.68198674354886 -41.53928974380742 5.2054863806648415
0.38218045112781956 297.7749730887539 -41.05771520925479 5.56192236609394 324.1540478015309 -41.84118037023875 5.305847467397896
0.3871428571428572 295.9599638892646 -41.2879100533407 5.658132638749719 322.4794444884752 -42.12523539596198 5.405528207241872
0.3921052631578948 294.0261708169484 -41.50157928077685 5.753553972686807 320.66308880391034 -42.39152809612915 5.504495513599868
0.39706766917293235 291.97806451767406 -41.69885039311556 5.848161979274824 318.70989728715506 -42.64014753521157 5.602718116732001
0.40203007518796996 289.820087488973 -41.87986198217405 5.941933864558277 316.62478219509353 -42.871197656299586 5.7001665300174515
0.4069924812030076 287.5566481982394 -42.044762953784314 6.034848386393897 314.41264321410847 -43.08479638656356 5.796813013764645
0.41195488721804513 285.1921156435298 -42.19371177425659 6.12688581052546 312.07835969731036 -43.28107476070139 5.892631536842632
0.41691729323308274 282.73081434294426 -42.32687574031491 6.218027865801081 309.62678341682414 -43.46017606400849 5.987597736398233
0.42187969924812035 280.1770197378645 -42.44443027310127 6.308257698724361 307.06273181948393 -43.62225499649717 6.0816888759109125
0.4268421052631579 277.53495399497626 -42.54655823672045 6.3975598275204035 304.3909817731369 -43.76747685930626 6.1748838018264625
0.4318045112781955 274.80878219159854 -42.63344928166083 6.485920095885058 301.6162637897612 -43.89601676446475 6.267162898999439
0.43676691729323314 272.00260886861054 -42.70529921331049 6.573325626574619 298.7432567108925 -44.008058868905266 6.358508045160214
0.4417293233082707 269.12047493510374 -42.76230938567405 6.65976477498128 295.7765828394776 -44.10379563342311 6.448902564613452
0.4466917293233083 266.1663549088427 -42.80468612029741 6.745227082829117 292.72080350291355 -44.18342710719979 6.538331181358281
0.4516541353383459 263.14415447660076 -42.83264015031111 6.8297032321141735 289.58041503029256 -44.247160238288885 6.626779971813079
0.4566165413533835 260.0577083585374 -42.846386089418125 6.913184999401557 286.359845127281 -44.29520821036826 6.714236317311169
0.4615789473684211 256.91077846093896 -42.846141925577946 6.995665210582931 283.0634496316244 -44.32778980593386 6.800688856524687
0.4665413533834587 253.70705230182085 -42.83212853906433 7.077137696187309 279.6955096321008 -44.345128795987684 6.886127437960578
0.47150375939849626 250.4501416941647 -42.804569244513836 7.157597247328745 276.2602289338698 -44.34745335618588 6.9705430726629105
0.47646616541353387 247.14358167189323 -42.76368935653392 7.237039572366958 272.7617318529127 -44.334995509285164 7.053927887242057
0.4814285714285715 243.79082964396767 -42.70971577837972 7.315461254346321 269.20406132271114 -44.307990593673736 7.136275077343192
0.48639097744360904 240.39526476241176 -42.64287661317472 7.392859709271983 265.59117729626325 -44.26667675766841 7.217578861653935
0.49135338345864665 236.96018749046723 -42.56340079711506 7.469233145274632 261.92695542694264 -44.21129447920922 7.297834436543585
0.49631578947368427 233.4888193574921 -42.471517754061686 7.544580522706778 258.2151860118704 -44.142086110500195 7.377037931413696
0.5012781954887219 229.9843028876768 -42.367457070904294 7.618901515208248 254.45957318195968 -44.05929544710962 7.455186364833733
0.5062406015037594 226.4497016901129 -42.251448193059424 7.692196471771471 250.66373432307626 -43.963167320980894 7.532277601524955
0.511203007518797 222.8880006982232 -42.12372013945006 7.764466379831802 246.83119971327505 -43.85394721677534 7.608310310248976
0.5161654135338346 219.30210654701844 -41.984501236298705 7.8357128294018255 242.96541236143167 -43.7318809109198 7.683283922648008
0.5211278195488722 215.69484807718032 -41.8340188690662 7.905937978264965 239.0697280331742 -43.59721413271923 7.757198593078908
0.5260902255639098 212.0689769554063 -41.67249925185618 7.975144518237807 235.14741545043063 -43.45019224685642 7.830055159474431
0.5310526315789474 208.4271684009596 -41.50016721360785 8.043335642506827 231.20165665147073 -43.29105995659085 7.901855105259864
0.536015037593985 204.77202200886902 -41.31724600040442 8.11051501404186 227.23554749882595 -43.120061026951795 7.972600522347131
0.5409774436090226 201.1060626606364 -41.123957093218515 8.176686735083305 223.25209832300786 -42.937438027211996 8.04229407522312
0.5459398496240602 197.43174151387254 -40.92052004043847 8.241855317699633 219.2542346904627 -42.74343209192056 8.110938966143738
0.5509022556390978 193.7514370626501 -40.70715230451185 8.306025655406046 215.2447982847572 -42.53828269977459 8.178538901440879
0.5558646616541354 190.0674562608688 -40.484069122063055 8.369202995834142 211.22654789049056 -42.32222746960625 8.245098058945155
0.560827067669173 186.38203570136204 -40.25148337685281 8.43139291444019 207.20216046998732 -42.09550197277103 8.310621056523786
0.5657894736842106 182.69734284386857 -40.00960548495501 8.492601289236276 203.17423232329807 -41.858339561221584 8.375112921728483
0.5707518796992481 179.01547728544512 -39.7586432915477 8.552834276528106 199.14528032258102 -41.61097121056762 8.438579062546287
0.5757142857142857 175.3384720672746 -39.49880197872645 8.612098287640954 195.11774321243198 -41.353625377431094 8.501025239243052
0.5806766917293233 171.6682950122111 -39.23028398376502 8.670399966613841 191.09398296817517 -41.086527870413406 8.562457537285903
0.585639097744361 168.0068500877854 -38.95328892726677 8.727746168841268 187.0762862046581 -40.80990173401361 8.622882341330277
0.5906015037593986 164.35597878974144 -38.668013550666146 8.784143940640405 183.06686562849927 -40.52396714484436 8.682306310253677
0.5955639097744362 160.7174615415134 -38.37465166255629 8.839600499720792 179.06786152721395 -40.22894131951352 8.740736353217438
0.6005263157894737 157.09301910540023 -38.07339409334138 8.894123216533595 175.0813432890569 -39.92503843355519 8.798179606736165
0.6054887218045113 153.4843140014737 -37.76442865772336 8.947719596475753 171.1093109478281 -39.612469550810715 8.854643412732697
0.6104511278195489 149.89295193059405 -37.447940124559366 9.000397262925466 167.15369674729465 -39.291442562681226 8.910135297556014
0.6154135338345865 146.3204831981464 -37.12411019363553 9.052163941083547 163.2163667202506 -38.96216213669054 8.96466295193817
0.6203759398496241 142.76840413541856 -36.79311747892848 9.103027442596426 159.29912227759974 -38.62482967381735 9.018234211865797
0.6253383458646617 139.23815851577643 -36.45513749794017 9.15299565093589 155.4037018031969 -38.279643274074886 9.070857040340778
0.6303007518796993 135.7311389630227 -36.110342666706686 9.202076507510032 151.5317822505083 -37.926797709837075 9.122539510005058
0.6352631578947369 132.24868834959477 -35.758902300108566 9.250277998482096 147.68498073746275 -37.56648440642768 9.17328978660305
0.6402255639097745 128.7921011824136 -35.40098261711347 9.297608142270915 143.86485613616765 -37.198891429510645 9.223116113256088
0.6451879699248121 125.36262497445355 -35.03674675061233 9.344074977710179 140.07291065443923 -36.82420347883783 9.27202679552249
0.6501503759398497 121.96146160025424 -34.666354761516786 9.389686552841608 136.31059140636987 -36.44260188793067 9.320030187217103
0.6551127819548873 118.58976863379416 -34.289963656806286 9.434450914318658 132.57929196939946 -36.05426462929006 9.367134676964486
0.6600751879699249 115.24866066731047 -33.90772741122827 9.478376097397765 128.88035392559027 -35.65936632474662 9.413348675459488
0.6650375939849624 111.93921060979751 -33.51979699236769 9.521470116493848 125.21506838507509 -35.25807826058861 9.45868060341005
0.67 108.66245096407464 -33.126320388819316 9.56374095627813 121.5846774897223 -34.85056840710293 9.503138880136422
0.6749624060150377 105.4193750814456 -32.727442641209 9.605196563296253 117.99037589548468 -34.437001442214296 9.546731912802374
0.6799248120300753 102.21093839309492 -32.3233058758231 9.645844838085347 114.43331223184559 -34.017538778890554 9.58946808625337
0.6848872180451129 99.03805961749413 -31.914049340619528 9.685693627769268 110.91459053710324 -33.59233859602077 9.631355753438022
0.6898496240601505 95.90162194319525 -31.499809443406484 9.724750719111926 107.43527166833327 -33.16155587247946 9.67240322638898
0.694812030075188 92.80247418649051 -31.08071979198531 9.763023832008711 103.99637468503404 -32.725342424107694 9.712618767740224
0.6997744360902256 89.74143192351337 -30.656911236067206 9.80052061339704 100.59887820559383 -32.28384694335617 9.752010582758336
0.7047368421052632 86.71927859644765 -30.228511910785002 9.83724863156764 97.24372173585357 -31.837215041349992 9.790586811865607
0.7096992481203008 83.73676659357841 -29.79564728162873 9.873215370858084 93.93180696915091 -31.38558929214728 9.828355523633626
0.7146616541353384 80.79461830301254 -29.358440190648984 9.908428226711813 90.66399905735372 -30.929109278979446 9.865324708226726
0.719624060150376 77.89352713994528 -28.91701090377638 9.942894501085178 87.44112785247734 -30.46791164226936 9.901502271274579
0.7245864661654136 75.0341585474232 -28.471477159118525 9.976621398186504 84.26398911859269 -30.00213012924054 9.936896028154804
0.7295488721804512 72.2171509706101 -28.021954216103467 10.009616020531475 81.13334571380742 -29.531895644938928 9.971513698666435
0.7345112781954888 69.44311680460868 -27.56855490534632 10.041885365299372 78.04992874218024 -29.05733630449954 10.005362902075442
0.7394736842105264 66.71264331594348 -27.111389679124965 10.073436320975688 75.01443867551319 -28.578577486503594 10.038451152514993
0.744436090225564 64.02629353785368 -26.650566662357793 10.104275664266929 72.02754644502345 -28.09574188727949 10.070785854722935
0.7493984962406016 61.38460713957782 -26.186191703983372 10.13441005727383 69.08989450295684 -27.60894957601039 10.102374300099697
0.7543609022556391 58.78810126985577 -25.71836842864966 10.163846044909986 66.20209785426925 -27.11831805052267 10.133223663070822
0.7593233082706767 56.237271374896594 -25.24719828862589 10.192590052553076 63.36474505854253 -26.62396229363575 10.163340997738391
0.7642857142857143 53.732591991096626 -24.77278061585742 10.220648383916561 60.57839920235095 -26.125994829963105 10.192733234806362
0.769248120300752 51.27451751281067 -24.295212674088944 10.248027219130034 57.843598842335936 -25.624525783062616 10.22140717876546
0.7742105263157896 48.863482935507704 -23.81458971098759 10.274732613016951 55.160858919278816 -25.119662932840612 10.249369505323603
0.7791729323308272 46.499904574656554 -23.33100501020223 10.300770493558794 52.53067164349973 -24.611511773122725 10.27662675906857
0.7841353383458647 44.18418076070812 -22.84454994330066 10.326146660535102 49.95350735193361 -24.100175569309854 10.303185351349871
0.7890977443609023 41.916692510554924 -22.355314021531186 10.350866784329481 47.429815337261566 -23.58575541604463 10.32905155836748
0.7940601503759399 39.69780417585948 -21.863384947359 10.374936404891555 44.96002464950232 -23.06835029482073 10.354231519455512
0.7990225563909775 37.527864068657095 -21.368848665732752 10.398360930845705 42.54454487047689 -22.54805713147058 10.378731235549138
0.8039849624060151 35.40720506464458 -20.87178941504023 10.421145638737466 40.183766861589206 -22.02497085347604 10.40255656782397
0.8089473684210527 33.33614518457669 -20.37228977771627 10.443295672408906 37.878063485367186 -21.49918444704826 10.425713236497003
0.8139097744360902 31.31498815419561 -19.87043073046918 10.464816042494553 35.62779030122825 -20.97078901393042 10.448206819779017
0.8188721804511279 29.344023943123883 -19.36629169409597 10.485711626029865 33.433286235938326 -20.4398738278804 10.470042752968602
0.8238345864661655 27.423529283156007 -18.859950582859636 10.505987166164338 31.294874229241437 -19.906526390795115 10.491226327678257
0.8287969924812031 25.553768166382554 -18.351483853404886 10.525647271971847 29.212861855143018 -19.37083248844268 10.511762691183533
0.8337593984962407 23.73499232358322 -17.84096655319155 10.544696418350794 27.18754191933154 -18.832876245772056 10.531656845886504
0.8387218045112783 21.967441683325895 -17.328472368428336 10.563138946007257 25.219193033227317 -18.292740181774143 10.55091364888507
0.8436842105263158 20.25134481220405 -16.81407367149133 10.580979061514213 23.308080165145398 -17.750505263871304 10.569537811640036
0.8486466165413534 18.58691933664649 -16.297841567815276 10.598220837440355 21.45445516905896 -17.20625096181597 10.587533899732273
0.853609022556391 16.974372346726618 -15.779845942247146 10.614868212542184 19.658557291448762 -16.66005530108254 10.604906332702406
0.8585714285714287 15.413900782396274 -15.26015550485462 10.630924992013265 17.920613656717197 -16.111994915738833 10.621659383965877
0.8635338345864663 13.905691802564792 -14.73883783618414 10.646394847784812 16.240839731643728 -15.562145100787404 10.637797180796582
0.8684962406015039 12.449923137435869 -14.215959431964993 10.66128131887179 14.619439769350958 -15.010579863969014 10.653323704372276
0.8734586466165414 11.046763424511116 -13.691585747258518 10.675587811759105 13.056607233243518 -14.45737197702341 10.668242789875599
0.878421052631579 9.696372528660666 -13.165781240053242 10.68931760082258 11.55252520137643 -13.902593026405716 10.682558126644466
0.8833834586466166 8.398901846654226 -12.638609414308885 10.70247382877952 10.10736675169444 -13.346313463456788 10.69627325836609
0.8883458646616542 7.154494596536397 -12.110132862453433 10.715059507163943 8.721295328584926 -12.788602654032275 10.709391583308928
0.8933082706766918 5.963286092222969 -11.580413307340256 10.727077516821735 7.394465091164737 -12.229528927592767 10.721916354587236
0.8982706766917294 4.825404003683703 -11.049511643672936 10.738530608421009 6.127021243718866 -11.669159625762752 10.733850680453092
0.9032330827067669 3.740968603067941 -10.517487978908019 10.749421402973383 4.9191003486924565 -11.107561150366204 10.745197524610939
0.9081954887218046 2.7100929971183847 -9.984401673646724 10.75975239236179 3.770830622626707 -10.544799010949458 10.755959706549994
0.9131578947368422 1.7328833462069257 -9.450311381528902 10.769525939870778 2.682332215416227 -9.980937871803661 10.766139901890021
0.9181203007518798 0.8094390703146815 -8.915275088643241 10.778744280715395 1.6537174732502187 -9.416041598499953 10.7757406427362
0.9230827067669174 -0.06014695773349177 -8.379350152469906 10.787409522564886 0.6850911855868168 -8.850173303953264 10.784764318039105
0.928045112781955 -0.8757882314832592 -7.842593340372648 10.795523646057589 -0.22344918350534737 -8.28339539403164 10.793213173955884
0.9330075187969925 -1.6374044422302374 -7.3050608676587006 10.80308850530377 -1.0718132793206685 -7.7157696127288995 10.80108931420907
0.9379699248120301 -2.3449213222944048 -6.7668084352265145 10.810105828372974 -1.859917655502223 -7.147357086920783 10.808394700439607
0.9429323308270677 -2.998270499934351 -6.227891266821806 10.816577217763024 -2.5876855877537075 -6.578218370725371 10.81513115255084
0.9478947368421053 -3.5973893656602094 -5.688364145924323 10.822504150847717 -3.2550469020090658 -6.008413489489677 10.82130034904058
0.952857142857143 -4.1422209497203815 -5.148281452287849 10.827887980300575 -3.8619378168079463 -5.438001983425785 10.826903827318338
0.9578195488721806 -4.632713810551249 -4.607697198158069 10.8327299344922 -4.408300799643081 -4.867042950920829 10.831942984005234
0.9627819548872181 -5.068821933996716 -4.0666650641926285 10.83703111785883 -4.894084437063894 -4.295595091545836 10.836419075214224
0.9677443609022557 -5.45050464311976 -3.5252384351094506 10.840792511240188 -5.319243318339327 -3.723716748789405 10.840333216808409
0.9727067669172933 -5.777726518444948 -2.9834704350899184 10.844014972184532 -5.683737932501012 -3.1514659525434934 10.843686384635593
0.9776691729323309 -6.050457328488912 -2.4414139629636145 10.846699235219369 -5.98753457860781 -2.578900461368181 10.846479414737315
0.9826315789473685 -6.2686719704512095 -1.8991217272032879 10.848845912086237 -6.230605289091362 -2.0060778045641072 10.848713003530786
0.9875939849624061 -6.432350420957861 -1.3566462807573978 10.850455491938387 -6.412927766062505 -1.4330553240810737 10.850387707962563
0.9925563909774437 -6.54147769676579 -0.8140400557499239 10.851528341500128 -6.534485330477485 -0.8598902162918861 10.851503945632729
0.9975187969924812 -6.596043825355192 -0.27135539807614 10.852064705187168 -6.595266884083714 -0.28663957366118464 10.852061994888821
1.0024812030075188 -6.596043825355192 0.2713553980761435 10.852064705187168 -6.595266884083706 0.2866395736611911 10.85206199488882
1.0074436090225565 -6.541477696765803 0.8140400557499432 10.85152834150012 -6.534485330477499 0.8598902162919302 10.851503945632727
1.012406015037594 -6.432350420957868 1.356646280757401 10.850455491938385 -6.412927766062484 1.4330553240811001 10.850387707962563
1.0173684210526317 -6.2686719704512175 1.899121727203304 10.848845912086237 -6.230605289091359 2.006077804564118 10.84871300353079
1.0223308270676692 -6.050457328488904 2.4414139629636336 10.846699235219365 -5.987534578607809 2.5789004613681827 10.846479414737315
1.027293233082707 -5.777726518444939 2.983470435089936 10.844014972184532 -5.683737932500997 3.1514659525435067 10.843686384635593
1.0322556390977444 -5.450504643119746 3.525238435109472 10.840792511240188 -5.319243318339304 3.723716748789419 10.840333216808407
1.0372180451127821 -5.068821933996704 4.066665064192645 10.837031117858828 -4.894084437063864 4.295595091545856 10.836419075214224
1.0421804511278197 -4.63271381055123 4.607697198158092 10.8327299344922 -4.4083007996430315 4.867042950920871 10.831942984005238
1.0471428571428572 -4.142220949720374 5.148281452287858 10.827887980300577 -3.861937816807936 5.438001983425795 10.826903827318336
1.0521052631578949 -3.597389365660189 5.688364145924343 10.822504150847713 -3.2550469020090484 6.008413489489687 10.82130034904058
1.0570676691729324 -2.998270499934333 6.227891266821822 10.816577217763024 -2.58768558775371 6.578218370725368 10.815131152550839
1.06203007518797 -2.3449213222943834 6.766808435226544 10.810105828372972 -1.8599176555021946 7.1473570869208025 10.808394700439603
1.0669924812030076 -1.6374044422302174 7.305060867658717 10.80308850530377 -1.0718132793206743 7.715769612728896 10.801089314209072
1.071954887218045 -0.8757882314832506 7.8425933403726535 10.795523646057589 -0.22344918350532716 8.283395394031652 10.793213173955888
1.0769172932330828 -0.0601469577334397 8.379350152469932 10.787409522564882 0.6850911855868668 8.850173303953296 10.784764318039109
1.0818796992481203 0.8094390703147017 8.915275088643249 10.778744280715399 1.653717473250201 9.416041598499945 10.7757406427362
1.086842105263158 1.7328833462069788 9.450311381528932 10.769525939870778 2.682332215416284 9.980937871803693 10.766139901890018
1.0918045112781956 2.710092997118417 9.984401673646742 10.75975239236179 3.7708306226267485 10.544799010949482 10.755959706549994
1.0967669172932333 3.7409686030679823 10.517487978908038 10.74942140297338 4.919100348692506 11.107561150366227 10.745197524610937
1.1017293233082708 4.82540400368373 11.049511643672947 10.738530608421007 6.127021243718924 11.66915962576278 10.733850680453092
1.1066917293233083 5.963286092223002 11.580413307340265 10.727077516821732 7.394465091164779 12.22952892759279 10.721916354587236
1.111654135338346 7.154494596536468 12.110132862453462 10.715059507163943 8.721295328584983 12.788602654032301 10.709391583308928
1.1166165413533835 8.398901846654223 12.638609414308892 10.70247382877952 10.107366751694471 13.3463134634568 10.69627325836609
1.1215789473684212 9.696372528660698 13.165781240053253 10.689317600822578 11.552525201376477 13.90259302640574 10.682558126644464
1.1265413533834587 11.046763424511129 13.691585747258522 10.675587811759105 13.056607233243533 14.457371977023413 10.668242789875599
1.1315037593984962 12.449923137435903 14.215959431965006 10.66128131887179 14.619439769350961 15.010579863969014 10.653323704372275
1.136466165413534 13.905691802564874 14.738837836184162 10.646394847784812 16.24083973164379 15.56214510078742 10.637797180796582
1.1414285714285715 15.413900782396338 15.260155504854641 10.630924992013265 17.920613656717293 16.11199491573887 10.621659383965879
1.1463909774436092 16.97437234672664 15.779845942247151 10.614868212542177 19.658557291448837 16.66005530108256 10.604906332702397
1.1513533834586467 18.586919336646517 16.297841567815283 10.598220837440355 21.454455169059024 17.206250961815986 10.587533899732273
1.1563157894736844 20.251344812204113 16.81407367149136 10.58097906151422 23.308080165145434 17.750505263871304 10.569537811640036
1.161278195488722 21.967441683325923 17.32847236842834 10.563138946007257 25.219193033227455 18.292740181774185 10.550913648885071
1.1662406015037594 23.734992323583256 17.84096655319156 10.544696418350794 27.187541919331593 18.832876245772074 10.531656845886504
1.1712030075187971 25.553768166382604 18.351483853404897 10.525647271971843 29.21286185514305 19.370832488442687 10.511762691183531
1.1761654135338346 27.423529283156064 18.859950582859653 10.50598716616434 31.294874229241476 19.90652639079512 10.491226327678248
1.1811278195488724 29.344023943123958 19.366291694095985 10.485711626029858 33.43328623593841 20.439873827880422 10.470042752968604
1.1860902255639099 31.31498815419566 19.8704307304692 10.464816042494554 35.627790301228295 20.970789013930432 10.44820681977902
1.1910526315789474 33.33614518457677 20.37228977771629 10.443295672408901 37.878063485367264 21.499184447048282 10.425713236496996
1.196015037593985 35.407205064644685 20.871789415040258 10.421145638737464 40.183766861589305 22.024970853476066 10.402556567823972
1.2009774436090226 37.527864068657095 21.36884866573275 10.398360930845705 42.544544870476926 22.548057131470586 10.378731235549132
1.2059398496240603 39.697804175859574 21.86338494735902 10.374936404891555 44.96002464950236 23.06835029482073 10.354231519455505
1.2109022556390978 41.91669251055494 22.355314021531193 10.350866784329483 47.42981533726157 23.585755416044634 10.32905155836748
1.2158646616541355 44.184180760708216 22.84454994330067 10.326146660535093 49.95350735193361 24.10017556930984 10.303185351349855
1.220827067669173 46.4999045746566 23.33100501020223 10.300770493558787 52.530671643499915 24.611511773122764 10.27662675906857
1.2257894736842105 48.86348293550778 23.8145897109876 10.274732613016955 55.16085891927893 25.119662932840633 10.249369505323603
1.2307518796992483 51.274517512810775 24.295212674088962 10.248027219130032 57.84359884233606 25.624525783062634 10.221407178765453
1.2357142857142858 53.73259199109661 24.772780615857414 10.220648383916553 60.57839920235105 26.125994829963123 10.192733234806362
1.2406766917293235 56.23727137489667 25.24719828862589 10.192590052553067 63.36474505854272 26.623962293635774 10.163340997738388
1.245639097744361 58.788101269855765 25.71836842864966 10.163846044909985 66.20209785426924 27.11831805052266 10.133223663070815
1.2506015037593985 61.38460713957791 26.186191703983383 10.134410057273824 69.08989450295674 27.608949576010353 10.102374300099687
1.2555639097744362 64.02629353785375 26.650566662357804 10.104275664266924 72.0275464450237 28.09574188727953 10.070785854722933
1.2605263157894737 66.71264331594348 27.11138967912496 10.073436320975686 75.01443867551352 28.57857748650367 10.038451152515009
1.2654887218045114 69.44311680460876 27.568554905346325 10.041885365299365 78.04992874218023 29.057336304499522 10.005362902075433
1.270451127819549 72.21715097061028 28.021954216103495 10.009616020531478 81.13334571380743 29.531895644938935 9.971513698666438
1.2754135338345867 75.0341585474233 28.47147715911855 9.976621398186504 84.26398911859289 30.002130129240584 9.936896028154814
1.2803759398496242 77.89352713994538 28.917010903776394 9.942894501085176 87.4411278524773 30.467911642269335 9.90150227127457
1.2853383458646617 80.79461830301268 29.358440190649013 9.908428226711818 90.66399905735379 30.929109278979446 9.865324708226723
1.2903007518796994 83.73676659357862 29.795647281628767 9.873215370858087 93.93180696915118 31.385589292147344 9.82835552363364
1.295263157894737 86.71927859644762 30.228511910784988 9.837248631567633 97.24372173585338 31.837215041349932 9.79058681186559
1.3002255639097746 89.74143192351372 30.65691123606728 9.80052061339705 100.59887820559405 32.28384694335621 9.752010582758338
1.3051879699248121 92.80247418649046 31.0807197919853 9.76302383200871 103.99637468503408 32.72534242410768 9.712618767740217
1.3101503759398498 95.90162194319532 31.499809443406484 9.724750719111917 107.43527166833383 33.16155587247957 9.672403226388994
1.3151127819548873 99.03805961749421 31.914049340619535 9.685693627769266 110.91459053710352 33.592338596020824 9.631355753438033
1.3200751879699248 102.21093839309489 32.32330587582308 9.645844838085337 114.43331223184603 34.017538778890625 9.589468086253374
1.3250375939849626 105.41937508144579 32.72744264120905 9.605196563296255 117.9903758954852 34.43700144221437 9.54673191280237
1.33 108.66245096407464 33.1263203888193 9.563740956278124 121.58467748972276 34.850568407103 9.503138880136422
1.3349624060150378 111.93921060979763 33.5197969923677 9.52147011649385 125.21506838507565 35.25807826058869 9.458680603410045
1.3399248120300753 115.24866066731042 33.907727411228244 9.478376097397753 128.88035392559144 35.659366324746806 9.413348675459503
1.3448872180451128 118.58976863379412 34.289963656806265 9.434450914318647 132.57929196940103 36.0542646292903 9.367134676964497
1.3498496240601505 121.96146160025444 34.666354761516814 9.389686552841605 136.31059140637248 36.44260188793109 9.320030187217133
1.354812030075188 125.3626249744537 35.03674675061237 9.344074977710191 140.07291065444335 36.8242034788385 9.27202679552254
1.3597744360902257 128.79210118241377 35.4009826171135 9.297608142270915 143.86485613616767 37.19889142951064 9.22311611325609
1.3647368421052632 132.24868834959483 35.75890230010859 9.250277998482096 147.684980737463 37.56648440642774 9.173289786603059
1.369699248120301 135.73113896302294 36.110342666706735 9.202076507510041 151.5317822505083 37.926797709837075 9.122539510005058
1.3746616541353385 139.23815851577623 36.4551374979401 9.152995650935866 155.4037018031973 38.27964327407494 9.070857040340787
1.379624060150376 142.76840413541913 36.79311747892859 9.103027442596444 159.29912227759962 38.62482967381732 9.018234211865787
1.3845864661654137 146.32048319814612 37.12411019363545 9.052163941083526 163.21636672025105 38.96216213669061 8.964662951938179
1.3895488721804512 149.8929519305939 37.44794012455932 9.000397262925453 167.153696747295 39.29144256268125 8.910135297556003
1.394511278195489 153.48431400147362 37.764428657723315 8.94771959647574 171.10931094782825 39.61246955081072 8.85464341273269
1.3994736842105264 157.0930191053999 38.07339409334129 8.894123216533576 175.0813432890568 39.92503843355515 8.798179606736154
1.404436090225564 160.71746154151361 38.37465166255632 8.839600499720794 179.0678615272143 40.228941319513595 8.740736353217448
1.4093984962406017 164.35597878974153 38.66801355066614 8.784143940640396 183.06686562849916 40.52396714484432 8.682306310253665
1.4143609022556392 168.00685008778572 38.95328892726681 8.727746168841273 187.07628620465871 40.80990173401369 8.62288234133029
1.4193233082706769 171.66829501221108 39.23028398376499 8.670399966613829 191.09398296817568 41.086527870413455 8.562457537285907
1.4242857142857144 175.33847206727464 39.49880197872643 8.612098287640947 195.11774321243172 41.35362537743104 8.50102523924304
1.429248120300752 179.01547728544554 39.758643291547756 8.552834276528117 199.1452803225814 41.61097121056767 8.43857906254629
1.4342105263157896 182.69734284386846 40.00960548495495 8.492601289236262 203.17423232329853 41.85833956122167 8.375112921728494
1.439172932330827 186.38203570136253 40.25148337685289 8.4313929144402 207.20216046998752 42.09550197277106 8.310621056523793
1.4441353383458648 190.06745626086916 40.484069122063104 8.369202995834144 211.22654789049045 42.32222746960622 8.245098058945146
1.4490977443609023 193.7514370626498 40.70715230451181 8.306025655406039 215.24479828475677 42.53828269977451 8.178538901440865
1.45406015037594 197.43174151387308 40.92052004043852 8.241855317699633 219.25423469046365 42.743432091920695 8.11093896614376
1.4590225563909776 201.10606266063675 41.12395709321855 8.176686735083306 223.2520983230078 42.937438027211954 8.042294075223111
1.463984962406015 204.77202200886856 41.31724600040431 8.110515014041841 227.23554749882624 43.12006102695183 7.97260052234714
1.4689473684210528 208.42716840096 41.50016721360787 8.043335642506824 231.201656651471 43.29105995659086 7.901855105259859
1.4739097744360903 212.06897695540573 41.67249925185607 7.975144518237784 235.14741545043043 43.450192246856396 7.830055159474431
1.478872180451128 215.69484807718032 41.834018869066185 7.905937978264958 239.0697280331748 43.59721413271934 7.757198593078925
1.4838345864661655 219.3021065470189 41.984501236298776 7.835712829401834 242.9654123614314 43.73188091091974 7.683283922647991
1.4887969924812032 222.88800069822491 42.12372013945031 7.764466379831842 246.83119971327474 43.85394721677524 7.60831031024895
1.4937593984962407 226.4497016901129 42.251448193059424 7.692196471771471 250.66373432307637 43.96316732098091 7.532277601524955
1.4987218045112782 229.98430288767685 42.36745707090429 7.618901515208245 254.45957318195934 44.059295447109534 7.455186364833719
1.503684210526316 233.48881935749142 42.471517754061566 7.544580522706756 258.2151860118713 44.142086110500315 7.377037931413716
1.5086466165413535 236.96018749046746 42.56340079711508 7.469233145274638 261.9269554269441 44.211294479209435 7.297834436543619
1.5136090225563912 240.3952647624111 42.642876613174565 7.392859709271952 265.5911772962646 44.2666767576685 7.21757886165393
1.5185714285714287 243.7908296439676 42.70971577837969 7.315461254346309 269.2040613227113 44.307990593673686 7.136275077343166
1.5235338345864662 247.14358167189326 42.763689356533924 7.237039572366959 272.76173185291634 44.33499550928557 7.053927887242091
1.528496240601504 250.4501416941642 42.804569244513715 7.15759724732872 276.2602289338737 44.347453356186236 6.97054307266292
1.5334586466165414 253.70705230182165 42.83212853906441 7.0771376961873145 279.6955096321085 44.34512879598848 6.886127437960629
1.5384210526315791 256.9107784609405 42.84614192557818 6.9956652105829695 283.06344963163644 44.327789805935076 6.800688856524761
1.5433834586466166 260.0577083585373 42.846386089418104 6.913184999401553 286.35984512731403 44.2952082103717 6.71423631731141
1.5483458646616544 263.14415447659974 42.83264015031094 6.829703232114146 289.58041503029256 44.24716023828883 6.626779971813058
1.5533082706766919 266.1663549088438 42.804686120297546 6.745227082829131 292.7208035029134 44.18342710719975 6.538331181358275
1.5582706766917294 269.1204749351043 42.76230938567408 6.6597647749812765 295.77658283947665 44.10379563342292 6.448902564613416
1.563233082706767 272.0026088686119 42.70529921331068 6.573325626574645 298.74325671089355 44.008058868905394 6.358508045160228
1.5681954887218046 274.8087821915982 42.633449281660745 6.485920095885041 301.6162637897591 43.89601676446452 6.2671628989994135
1.5731578947368423 277.53495399497683 42.546558236720514 6.39755982752041 304.3909817731372 43.7674768593063 6.17488380182647
1.5781203007518798 280.17701973786296 42.444430273101055 6.308257698724329 307.0627318194834 43.6222549964971 6.081688875910905
1.5830827067669173 282.73081434294534 42.32687574031506 6.218027865801101 309.62678341682454 43.460176064008564 5.987597736398246
1.588045112781955 285.19211564353054 42.19371177425668 6.126885810525467 312.078359697312 43.28107476070164 5.892631536842673
1.5930075187969925 287.55664819823835 42.044762953784186 6.034848386393882 314.41264321410904 43.08479638656355 5.796813013764638
1.5979699248120303 289.8200874889722 41.879861982173864 5.941933864558244 316.62478219509524 42.871197656299785 5.700166530017471
1.6029323308270678 291.9780645176722 41.69885039311529 5.848161979274784 318.709897287154 42.640147535211405 5.602718116731975
1.6078947368421055 294.02617081694893 41.501579280776916 5.753553972686814 320.66308880390926 42.39152809612903 5.504495513599853
1.612857142857143 295.9599638892631 41.28791005334047 5.6581326387496835 322.47944448847517 42.12523539596199 5.405528207241872
1.6178195488721805 297.77497308875434 41.05771520925486 5.561922366093952 324.1540478015294 41.84118037023854 5.305847467397868
1.6227819548872182 299.4667059590698 40.81087913529775 5.464949179610127 325.6819867435502 41.53928974380756 5.205486380664853
1.6277443609022557 301.03065503983674 40.54729892538562 5.367240780528992 327.0583632182668 41.219506955648576 5.104479881498612
1.6327067669172934 302.46230515330814 40.266885218878684 5.268826584757041 328.27830294271394 40.88179309554172 5.002864780187764
1.637669172932331 303.7571411817864 39.96956305697311 5.169737759219166 329.33696590713316 40.52612785011211 4.900679787499439
1.6426315789473687 304.91065634505725 39.655272755566195 5.07000725594737 330.22955738578884 40.152510455542256 4.7979655356896584
1.6475939849624062 305.9183609857402 39.32397079279894 4.969669843646216 330.95133949755854 39.76096065403955 4.694764595568265
1.6525563909774437 306.77579186893644 38.97563070928202 4.868762136456263 331.4976433123848 39.351519650892556 4.59112148930118
1.6575187969924814 307.4785220008006 38.61024401880194 4.767322619627892 331.8638814973374 38.92425106876853 4.487082698635404
1.662481203007519 308.0221709689716 38.22782112711795 4.665391671813246 332.04556149281825 38.479241895643895 4.382696668227079
1.6674436090225566 308.4024158055941 37.8283922562252 4.563011583674156 332.03829920688315 38.01660342259507 4.278013803759892
1.6724060150375941 308.61500237178853 37.412008371286504 4.460226572504142 331.8378332122919 37.53647216744743 4.173086464542308
1.6773684210526316 308.6557572599927 36.978742107207026 4.3570827925562385 331.4400394278549 37.03901078010493 4.067968950279549
1.6823308270676693 308.52060020828185 36.52868869163591 4.25362834076861 330.8409462624313 36.524408925215766 3.9627174817264406
1.6872932330827068 308.205557018287 36.061966860984185 4.149913257580706 330.0367501965037 35.9928841376628 3.8573901749376946
1.6922556390977446 307.70677296572194 35.578719765860626 4.045989522534917 329.02383177313243 35.44468264624908 3.7520470088478834
1.697218045112782 307.0205266898547 35.07911586215231 3.9419110443642325 327.7987719666096 34.88008016082861 3.646749785930892
1.7021804511278198 306.14324454554526 34.56334978381388 3.837733645272877 326.35836889403254 34.2993826180567 3.5415620857085246
1.7071428571428573 305.0715153987286 34.031643193289455 3.7335150391282386 324.69965483178987 33.702926880881805 3.4365492109025784
1.7121052631578948 303.8021058433528 33.48424560534788 3.6293148032922375 322.81991349573 33.09108138686551 3.3317781260499006
1.7170676691729325 302.33197581524814 32.92143518003384 3.52519434383901 320.7166975426745 32.46424674055021 3.22731738843453
1.72203007518797 300.6582945755267 32.343519480330144 3.421216853920436 318.38784624362336 31.822856244839343 3.123237071211902
1.7269924812030077 298.77845703371463 31.75083619009564 3.3174472650643154 315.83150328410034 31.167376366943756 3.0196086786542153
1.7319548872180452 296.69010037832754 31.143753787811107 3.213952191212744 313.04613463837006 30.4983071341415 2.9165050534675174
1.7369172932330827 294.39112098053874 30.52267217169694 3.1107998653366566 310.0305464666309 29.81618245505092 2.814000276182401
1.7418796992481205 291.8796915345142 29.88802323179935 3.008060068490221 306.7839029822736 29.121570362293028 2.712169556661667
1.746842105263158 289.1542783966082 29.240271364765334 2.905804051204852 303.3057442360513 28.41507317271825 2.6110891178129663
1.7518045112781957 286.2136590843421 28.579913927152248 2.804104447156492 299.5960037635998 27.697327561707894 2.5108360716456986
1.7567669172932332 283.0569398952989 27.90748162330344 2.703035179078147 295.6550260465151 26.96900454859764 2.4114882878594956
1.761729323308271 279.6835736062677 27.22353882409527 2.6026713569342874 291.48358373461656 26.230809390513784 2.313124255201835
1.7666917293233084 276.09337721320765 26.528683813130215 2.5030891684145704 287.08289458449553 25.483481382694137 2.2158229358887893
1.771654135338346 272.28654967400007 25.823548957317243 2.4043657618515084 282.4546380703946 24.727793563780423 2.1196636134299225
1.7766165413533836 268.26368961830553 25.108800799218656 2.3065791217168523 277.6009716299875 23.96455232531416 2.0247257342550813
1.7815789473684212 264.02581299169447 24.385140068993906 2.2098079368979753 272.5245465136122 23.19459692536053 1.9310887435926347
1.7865413533834589 259.5743706060023 23.65330161436968 2.1141314620114686 267.2285232132126 22.41879890693008 1.8388319160947675
1.7915037593984964 254.9112655729873 22.91405424764291 2.0196293720587675 261.7165864571739 21.638061422765034 1.7480341817613962
1.7964661654135339 250.03887060584566 22.168200509458856 1.9263816107847889 255.99295976829217 20.85331846892919 1.6587739477569003
1.8014285714285716 244.9600451818285 21.416576349877417 1.8344682331527182 250.06241959489807 20.065534030567733 1.5711289167546996
1.806390977443609 239.6781525697602 20.66005072808764 1.7439692423989173 243.93030904149805 19.275701144311796 1.4851759024917102
1.8113533834586468 234.19707673935227 19.899525133101278 1.6549644221852462 237.60255124273203 18.484840882837602 1.40099064324412
1.8163157894736843 228.52123918469965 19.13593302880318 1.5675331644157653 231.0856624454293 17.69400126826767 1.3186476139679202
1.821278195488722 222.65561571239687 18.370239227857184 1.481754293330093 224.3867648880721 16.90425612236129 1.238219837873311
1.8262406015037596 216.60575326692924 17.603439200266195 1.3977058865337484 217.51359959498564 16.116703862751166 1.1597786982187799
1.831203007518797 210.37778689173183 16.83655832376064 1.3154650936662848 210.47453923429407 15.332466255863437 1.0833937511216363
1.8361654135338348 203.9784569546207 16.0706510847007 1.2351079534434364 203.2786012331244 14.552687138969844 1.0091325401900946
1.8411278195488723 197.41512680309097 15.306800239914168 1.1567092098458887 195.93546137232875 13.778531124753727 0.9370604137607927
1.84609022556391 190.69580105806085 14.5461159517763 1.0803421282539205 188.45546815957914 13.011182304704278 0.8672403455363139
1.8510526315789475 183.82914480592558 13.789734910938165 1.0060783123464034 180.8496583206811 12.251842968663027 0.7997327593665802
1.856015037593985 176.82450401142455 13.0388194635822 0.9339875226030956 173.12977383635734 11.501732360749372 0.7345953589004126
1.8609774436090227 169.6919275483583 12.294556762823674 0.8641374972546174 165.30828103849808 10.76208549430143 0.6718829627759192
1.8659398496240602 162.44219133612455 11.55815796707978 0.7965937765243751 157.39839238670993 10.034152051428691 0.6116473459610916
1.870902255639098 155.08682518230967 10.830857512055275 0.7314195310031408 149.4140916927454 9.319195396801604 0.5539370877827565
1.8758646616541355 147.63814306938139 10.113912487469577 0.668675394977737 141.37016371174332 8.618491738995942 0.4987974270846223
1.8808270676691732 140.10927779580152 9.408602155084964 0.608419305508005 133.2822292466367 7.933329478636836 0.4462701248521569
1.8857894736842107 132.51422110000476 8.716227651325113 0.550706348012838 125.16678717247078 7.265008788853294 0.3963933345062799
1.8907518796992482 124.86787067216756 8.038111926031831 0.4955886090713847 117.04126513816027 6.614841482098711 0.3492014799182016
1.895714285714286 117.18608581687977 7.375599979468035 0.4431150370861616 108.92408115501212 5.984151228089303 0.30472514101008985
1.9006766917293234 109.48575399532365 6.730059473063221 0.39333131136752686 100.83471888256281 5.37427420176698 0.2629909465961049
1.9056390977443611 101.78487109400703 6.102881807027899 0.3462797201044907 92.79382022583195 4.786560258780128 0.22402147386420668
1.9106015037593986 94.10263909247988 5.495483780981488 0.3019990475476334 84.82329997809256 4.222374761832953 0.1878351536180162
1.9155639097744361 86.45958593033993 4.909309984930019 0.26052447057187184 76.94648874026052 3.683101214730982 0.15444618005759025
1.9205263157894739 78.87771393076673 4.345836110240441 0.22188746456270111 69.18831258584578 3.1701449116858385 0.12386442356779526
1.9254887218045114 71.38068533389833 3.8065734292140405 0.1861157182821785 61.575521062939515 2.6849378778842947 0.0960953446739552
1.930451127819549 63.994056647208254 3.293074775247476 0.15323305696780382 54.13697988843296 2.2289454816439616 0.07113990725804342
1.9354135338345866 56.745578152352664 2.806942476176232 0.12325937234387824 46.90405194821915 1.8036752545405363 0.048994489629711785
1.9403759398496243 49.66558188168801 2.3498388720217065 0.09621055738058999 39.91110181201475 1.4106887022267358 0.029650794087271493
1.9453383458646618 42.787492173269584 1.923500320009822 0.07209844234049285 33.196178205552314 1.0516172916283608 0.013095761498144044
1.9503007518796993 36.14851017122919 1.5297560157418957 0.050930726590794964 26.80196250447807 0.7281844959395585 -0.0006884867795434957
1.955263157894737 29.79055227497429 1.1705536516712982 0.03271089724112813 20.777133765967847 0.4422370566163636 -0.011724615146636098
1.9602255639097745 23.761572189478102 0.8479951070754055 0.017438119738113756 15.178426260325068 0.19579116652732864 -0.020039766491831302
1.9651879699248123 18.1174869565848 0.5643874538809541 0.005107074762784692 10.073933062461037 -0.008895118933082813 -0.025664449074463393
1.9701503759398498 12.9251041315174 0.3223185221586391 -0.004292304991875539 5.548905842880231 -0.16919787665545982 -0.028628912567671708
1.9751127819548875 8.26682062735108 0.12477436909080097 -0.010775287228295839 1.717361264896681 -0.28188444836274584 -0.028950698196806002
1.980075187969925 4.248739081593158 -0.024665700378989186 -0.014363165192179395 -1.2495944959055123 -0.34252650035017496 -0.026583991217043492
1.9850375939849625 1.0162137236102353 -0.1214735542184826 -0.015084867101128907 -3.0297428585636226 -0.34350507202896097 -0.021131237286169835
1.99 -1.2112760406471352 -0.15942369346771557 -0.01298034818935321 -2.6638684296940482 -0.2616667483406445 -0.008462945510444797
