0.01 -2.0466814693057813 0.30704277244845457 -0.054244171338531544 2.3695060792801996 0.03924955561637944 0.45175273818745154
0.014962406015037594 -2.4313044105645076 0.4148382350587667 -0.0785126795598714 2.379704557360924 -0.1387607761045615 0.8173877346057452
0.01992481203007519 -2.650774673391652 0.5054143490861804 -0.10207596259514418 0.7808341765630757 0.2700192090071596 0.24587589724058034
0.024887218045112784 -2.750045621121899 0.5816292156397935 -0.1249259568755221 -0.8625330361671786 0.544211362658757 0.021956877775949124
0.029849624060150376 -2.7554492955680416 0.6452852350439287 -0.14704117184319898 -1.919560849185018 0.719155272721963 -0.07010245992380248
0.034812030075187975 -2.6843257121405486 0.6976388396769693 -0.16839709464475305 -2.5209209811137043 0.8469196971884401 -0.12339178605532197
0.039774436090225566 -2.548978685703105 0.7396234917417246 -0.1889687773986033 -2.8296163749168954 0.9472664453776645 -0.16243445376132115
0.044736842105263165 -2.3586072376103857 0.7719642707075565 -0.2087315420252871 -2.944500656844525 1.0286273144656946 -0.19498026860070183
0.04969924812030076 -2.1203621646500324 0.7952433559406842 -0.22766114329105847 -2.922323411490993 1.095180320143271 -0.22397917500322606
0.05466165413533835 -1.8399730443492217 0.8099404101788963 -0.2457337659784038 -2.797107663866086 1.1492703045317114 -0.25072511835616496
0.05962406015037595 -1.522143902701714 0.8164589607863064 -0.26292597521127803 -2.5905290096203544 1.1923510649415192 -0.27584687876671765
0.06458646616541354 -1.1708152172915334 0.8151444309824996 -0.2792146597066605 -2.317233765664241 1.22539817610172 -0.29967240744775836
0.06954887218045112 -0.789344278438648 0.8062969224552745 -0.29457698091425044 -1.9876482941307358 1.2491087977483346 -0.3223803159717704
0.07451127819548872 -0.3806333839667104 0.7901805548085292 -0.308990331491664 -1.6095346938295734 1.264006751564068 -0.34406935314520837
0.07947368421052632 0.052776567703176624 0.7670304648561199 -0.32243230320125704 -1.1888952137021533 1.2705017794563247 -0.36479289639575896
0.0844360902255639 0.508636170642319 0.7370581671960394 -0.3348806632222505 -0.7305225710193781 1.2689250096461535 -0.38457722509974346
0.0893984962406015 0.9849342616540753 0.7004557375850169 -0.34631333764217587 -0.2383489541145991 1.2595512962274853 -0.403431740326301
0.0943609022556391 1.4798566613307003 0.6573991317297754 -0.35670840096002365 0.28432428974088 1.2426139279412212 -0.4213549478849039
0.09932330827067669 1.9917537249615407 0.6080508566765133 -0.36604407059645894 0.834670415138703 1.2183146944283436 -0.43833810088520764
0.10428571428571429 2.519114483968565 0.5525621490608472 -0.37429870558058553 1.4102278295132464 1.1868310131463886 -0.45436749403942045
0.10924812030075189 3.0605457974339743 0.4910747719411859 -0.38145080873688286 2.008821389860259 1.1483211285087975 -0.46942595267866594
0.11421052631578947 3.6147553674524033 0.4237225125583137 -0.3874790318272119 2.628504475012164 1.1029280065352225 -0.48349382542339825
0.11917293233082707 4.180537773291178 0.3506324426447236 -0.392362183206 3.26751545443841 1.050782321931493 -0.4965496624099863
0.12413533834586467 4.756762892079962 0.27192598806450974 -0.3960792376319269 3.9242443650686596 0.992004797725258 -0.5085706894514601
0.12909774436090227 5.342366226612171 0.18771984373624662 -0.39860934794463887 4.59720697757831 0.926708072612584 -0.5195331469403754
0.13406015037593985 5.936340772245558 0.09812676179682 -0.39993185836836176 5.285024314073894 0.8549982167369876 -0.5294125374250171
0.13902255639097746 6.537730137287326 0.00325623496134142 -0.4000263192432776 5.986406257313035 0.7769759809505672 -0.5381838105225789
0.14398496240601505 7.145622692874781 -0.09678490750326318 -0.39887250301923416 6.700138279482019 0.692737840652569 -0.5458215042343895
0.14894736842105266 7.759146575026989 -0.20189197725788688 -0.3964504213714264 7.425070584887749 0.6023768788144963 -0.5522998555697463
0.15390977443609025 8.377465397304945 -0.311961966598048 -0.39274034331588226 8.160109144262606 0.5059835414570273 -0.5575928893597037
0.15887218045112783 8.999774560026651 -0.4268931412535437 -0.38772281422176214 8.904208231269195 0.40364629051352097 -0.5616744914532177
0.16383458646616544 9.625298063614963 -0.546584678834094 -0.38137867562518046 9.656364164575223 0.29545217323646966 -0.5645184706785749
0.16879699248120303 10.2532857504861 -0.6709363467778786 -0.3736890857623312 10.415610028467256 0.1814873228825462 -0.5660986127008911
0.1737593984962406 10.883010913340712 -0.7998482147290744 -0.36463554074579996 11.181011194794678 0.061837402282080234 -0.5663887280443696
0.17872180451127823 11.51376821842851 -0.9332203971247566 -0.35419989631335724 11.951661508574205 -0.06341200068810338 -0.5653626959267157
0.1836842105263158 12.14487190095565 -1.0709528224655642 -0.3423643900831923 12.726680026651707 -0.19417501840121076 -0.56299450512482
0.1886466165413534 12.77565419675625 -1.212945026307004 -0.3291116642539791 13.5052082220368 -0.3303651837757968 -0.559258292767371
0.193609022556391 13.405463980055941 -1.359095965485423 -0.31442478868758883 14.286407582988147 -0.4718951408614487 -0.5541283817237748
0.1985714285714286 14.033665581732947 -1.5093038514607073 -0.2982872843183717 15.069457549361346 -0.6186763819129055 -0.547579317084903
0.20353383458646618 14.659637766366501 -1.6634660009955269 -0.2806831468290234 15.853553739099652 -0.7706190078391586 -0.5395859021071487
0.2084962406015038 15.282772849443347 -1.8214787026367176 -0.26159687053905856 16.637906425799883 -0.9276315094597152 -0.5301232338930504
0.21345864661654138 15.902475938781663 -1.983237097705043 -0.24101347244725702 17.421739235811685 -1.0896205675525863 -0.519166739006856
0.21842105263157896 16.518164286364964 -2.1486350746716525 -0.21891851637338533 18.20428803680045 -1.2564908698446402 -0.5066922091745081
0.22338345864661657 17.12926673862765 -2.3175651759620095 -0.19529813714259703 18.984799996125872 -1.4281449436374203 -0.4926758371631266
0.22834586466165416 17.735223274771585 -2.4899185163597934 -0.1701390647558494 19.762532789358005 -1.6044830028350106 -0.477094252909124
0.23330827067669174 18.33548462398292 -2.665584712292258 -0.14342864848987347 20.53675394275905 -1.7854028084254097 -0.45992455993139636
0.23827067669172936 18.9295119535318 -2.8444518213775964 -0.11515488086847725 21.30674029574959 -1.9707995416138147 -0.44114437204624046
0.24323308270676694 19.516776620628804 -3.026406291683081 -0.08530642144942391 22.07177757134295 -2.1605656889557636 -0.42073185038100647
0.24819548872180452 20.09675998176283 -3.211332920225871 -0.05387262036648899 22.8311600441275 -2.35459093895318 -0.3986657406691503
0.25315789473684214 20.66895325386315 -3.3991148202884673 -0.020843541570249258 23.58419029671751 -2.552762089678211 -0.3749254107958375
0.2581203007518797 21.232857422245445 -3.589633397179206 0.013790014292068165 24.33017905669513 -2.754962967068927 -0.3494908885533903
0.2630827067669173 21.787983190790158 -3.7827683321055545 0.05003648741698008 25.06844510702402 -2.961074353616418 -0.3223428995552027
0.2680451127819549 22.333850970211273 -3.9783975738564763 0.08790353686376307 25.798315263622214 -3.170973927208017 -0.29346290525027463
0.27300751879699253 22.86999090066385 -4.176397338022852 0.1273980191114905 26.519124414575572 -3.3845362099594 -0.2628331409716722
0.2779699248120301 23.395942905243842 -4.376642113505092 0.16852596721343183 27.23021561589286 -3.601632526887556 -0.23043665394748913
0.2829323308270677 23.91125677121569 -4.579004676075293 0.21129257060745132 27.930940239017758 -3.82213097429414 -0.19625734119645344
0.2878947368421053 24.415492256027946 -4.783356108772601 0.255702155640094 28.620658166287114 -4.045896397821885 -0.16027998722477932
0.29285714285714287 24.908219215415812 -4.989565828928754 0.3017581668634399 29.29873803008323 -4.272790380073367 -0.12249030143831696
0.2978195488721805 25.389017751032867 -5.197501621618933 0.34946314916039256 29.96455749212987 -4.502671237745787 -0.08287495517872934
0.3027819548872181 25.857478375247936 -5.407029679346941 0.3988187307552593 30.617503559722223 -4.735394028264224 -0.04142161828847435
0.30774436090225565 26.31320219086446 -5.618014647771858 0.44982560716427145 31.256972935439563 -4.970810565838839 0.0018810048915618438
0.31270676691729327 26.755801083647484 -5.830319677285999 0.5024835261391907 31.882372397437564 -5.2087694469265955 0.047043140191496136
0.3176691729323309 27.184897925666732 -6.043806480256059 0.556791273656863 32.49311920736696 -5.4491160850549605 0.09407390905240476
0.32263157894736844 27.600126787544355 -6.258335393732985 0.6127466610040422 33.08864154309231 -5.691692754955028 0.1429812948381457
0.32759398496240605 28.001133157802272 -6.473765447437039 0.670346513006157 33.668378953499854 -5.936338645953398 0.19377211012490925
0.33255639097744366 28.387574167579274 -6.689954436819072 0.729586657446168 34.23178283274599 -6.182889924556562 0.24645196507341005
0.3375187969924812 28.75911881906481 -6.906759000994022 0.7904619157171009 34.778316911354835 -6.43117980614867 0.30102523698909245
0.34248120300751883 29.115448216063314 -7.124034705336641 0.852966094749263 35.30745776163097 -6.681038635710003 0.35749504117582553
0.34744360902255644 29.456255795176205 -7.341636128525053 0.9170919802507491 35.81869531489885 -6.932293977446619 0.41586320318762127
0.352406015037594 29.78124755614415 -7.559416953809674 0.9828313312966852 36.311533388096635 -7.18477071319856 0.4761302325807044
0.3573684210526316 30.090142289952354 -7.777230064277724 1.0501748762989713 36.78549021732647 -7.4382911494847335 0.5382952982693574
0.3623308270676692 30.382671803364218 -7.994927641878753 1.1191123103860896 37.24009899594445 -7.692675133008365 0.6023562055829412
0.3672932330827068 30.65858113860078 -8.212361269967442 1.1896322942179829 37.67490841484002 -7.947740174435232 0.6683093751219857
0.3722556390977444 30.917628786937257 -8.429382039112983 1.261722454257706 38.089483202557574 -8.203301580226508 0.7361498235055866
0.377218045112782 31.15958689505166 -8.645840655920171 1.3353693845184136 38.483404662969335 -8.459172592293037 0.8058711461015111
0.38218045112781956 31.38424146300214 -8.86158755459573 1.4105586497988547 38.8562712082019 -8.715164535201396 0.8774655018220301
0.3871428571428572 31.59139253277857 -9.07647301099269 1.4872747904182475 39.20769888459067 -8.971086970650333 0.9509236000680517
0.3921052631578948 31.78085436641863 -9.290347258854808 1.565501328455646 39.53732188945219 -9.226747858904261 1.0262346898963095
0.39706766917293235 31.952455612742888 -9.503060607981311 1.6452207754959751 39.84479307650487 -9.481953726846477 1.103386551478927
0.40203007518796996 32.10603946181413 -9.714463564024573 1.7264146418796802 40.12978444782557 -9.736509842293735 1.1823654899195386
0.4069924812030076 32.241463786289295 -9.924406949630878 1.809063447449013 40.39198763027687 -9.990220394189002 1.2631563314830423
0.41195488721804513 32.35860126888761 -10.13274202662966 1.893146733779476 40.63111433438007 -10.24288867826197 1.3457424222882182
0.41691729323308274 32.45733951526165 -10.339320618974813 1.9786430778806192 40.8468967937216 -10.494317287737037 1.4301056295072438
0.42187969924812035 32.53758115161541 -10.543995236138127 2.0655301073457224 41.039088182940965 -10.744308308622287 1.5162263451050464
0.4268421052631579 32.59924390647898 -10.746619196654986 2.1537845169257803 41.2074630125885 -10.992663519130538 1.6040834921477742
0.4318045112781955 32.64226067610772 -10.947046751520283 2.2433820864983147 41.351817499055734 -11.239184592727195 1.693654533697039
0.43676691729323314 32.66657957304413 -11.145133207135704 2.334297700398368 41.4719699079684 -11.483673304305285 1.7849154843007042
0.4417293233082707 32.67216395743465 -11.340735047506627 2.426505368073034 41.5677608694874 -11.725931738963755 1.8778409240810117
0.4466917293233083 32.6589924507709 -11.533710055393922 2.519978246018667 41.63905366412567 -11.965762502863782 1.9724040154128577
0.4516541353383459 32.62705893177576 -11.723917432124022 2.6146886609541067 41.685734477595936 -12.20296893558859 2.0685765221742756
0.4566165413533835 32.57637251423329 -11.911217915769186 2.7106081341807737 41.707712623664406 -12.437355323486965 2.1663288315438667
0.4615789473684211 32.5069575066174 -12.095473897411438 2.8077074070757515 41.704920733732344 -12.668727113405321 2.265629978309395
0.4665413533834587 32.418853353442714 -12.276549535211164 2.905956467660779 41.677314912225775 -12.896891126250999 2.3664476716432112
0.47150375939849626 32.312114558326286 -12.45431086600739 3.00532457818659 41.624874856908775 -13.121655769808779 2.4687483242905373
0.47646616541353387 32.18681058881304 -12.628625914185289 3.1057803036688334 41.54760394338388 -13.342831250236394 2.5724970841081642
0.4814285714285715 32.043025763077395 -12.799364797552702 3.207291541308379 41.4455292731732 -13.560229781664841 2.6776578678818534
0.48639097744360904 31.880859118682753 -12.966399829979562 3.3098255507265524 41.31870168490753 -13.77366579333237 2.7841933973419444
0.49135338345864665 31.70042426363511 -13.129605620561609 3.4133489849427097 41.16719572829092 -13.982956133689097 2.892065237289003
0.49631578947368427 31.501849210031953 -13.28885916908223 3.517827922019528 40.991109600643625 -14.187920270914734 3.0012338357317887
0.5012781954887219 31.28527619066222 -13.444039957556196 3.623227897298758 40.79056504597193 -14.388380489306638 3.1116585659340092
0.5062406015037594 31.050861458972555 -13.595030037652704 3.7295139361488996 40.56570721664498 -14.584162081004152 3.2232977702567496
0.511203007518797 30.798775072867844 -13.74171411380628 3.8366505871439127 40.316704497907565 -14.775093532534747 3.336108805678224
0.5161654135338346 30.52920066286717 -13.883979621838202 3.9446019555910183 40.04374829558942 -14.961006705682472 3.4500480908651205
0.5211278195488722 30.242335185187102 -14.02171680292461 4.053331737324495 39.74705278751186 -15.14173701219995 3.5650711546634977
0.5260902255639098 29.938388660370872 -14.154818772761141 4.162803252681064 39.42685463922636 -15.317123581907897 3.681132685872779
0.5310526315789474 29.617583898128615 -14.283181585788782 4.272979480572072 39.083412684849634 -15.487009423747892 3.7981865841598115
0.536015037593985 29.28015620909542 -14.40670429436022 4.383823092567136 38.71700757388953 -15.651241579382322 3.9161860119671346
0.5409774436090226 28.926353104254122 -14.525289002740676 4.495296486903433 38.327941385074695 -15.809671268959603 4.035083447264041
0.5459398496240602 28.556433982807242 -14.638840915852812 4.607361822335163 37.916537208326375 -15.962154028695673 4.154830736987748
0.5509022556390978 28.170669809315953 -14.74726838269008 4.719981051737573 37.48313869611445 -16.108549839948402 4.275379151017134
0.5558646616541354 27.769342780955377 -14.850482934338473 4.833115955380531 37.02810958555282 -16.248723249496372 4.396679436520966
0.560827067669173 27.35274598576288 -14.94839931656138 4.946728173786848 36.55183319268724 -16.38254348076501 4.518681872520897
0.5657894736842106 26.92118305278366 -15.040935516918733 5.060779240092046 36.05471188051962 -16.50988453577522 4.641336324507517
0.5707518796992481 26.474967795035106 -15.128012786404256 5.175230611821892 35.53716650240301 -16.630625287625953 4.764592298949063
0.5757142857142857 26.01442384623784 -15.209555655603165 5.290043702006811 34.99963582251395 -16.744649563354457 4.8883989975312545
0.5806766917293233 25.539884292269043 -15.285491945383006 5.405179909551347 34.44257591518519 -16.851846217055236 5.012705370968659
0.585639097744361 25.051691298314854 -15.35575277214874 5.520600648780107 33.86645954493767 -16.95210919317196 5.137460172228536
0.5906015037593986 24.550195732704307 -15.420272547704647 5.636267378081499 33.271775529109895 -17.045337579913458 5.2626120090106525
0.5955639097744362 24.03575678841607 -15.478988973780048 5.75214162757257 32.659028085023564 -17.131435652778688 5.3881093953283195
0.6005263157894737 23.50874160325774 -15.531843031290553 5.868185025709952 32.028736163666146 -17.210312908212536 5.5139008020397196
0.6054887218045113 22.969524879714964 -15.578778964416937 5.98435932477242 31.381432771893447 -17.28188408744567 5.639934706180265
0.6104511278195489 22.418488505473917 -15.619744259599084 6.10062642514302 30.717664285182067 -17.34606919060919 5.766159638952233
0.6154135338345865 21.856021175615094 -15.654689619552691 6.216948398319444 30.037989752968542 -17.40279348124566 5.892524232230485
0.6203759398496241 21.28251801747575 -15.683568932429113 6.333287508582799 29.342980198617816 -17.451987481371326 6.018977263447821
0.6253383458646617 20.69838021917161 -15.706339236249796 6.449606233256178 28.633217916059817 -17.493586957276726 6.145467698728476
0.6303007518796993 20.104014662763092 -15.722960678757918 6.565867281485563 27.90929576512025 -17.52753289628256 6.271944734142222
0.6352631578947369 19.49983356304217 -15.73339647284001 6.682033611476285 27.171816467553178 -17.553771474698245 6.3983578349573005
0.6402255639097745 18.886254112908496 -15.737612847681241 6.79806844611935 26.42139190575652 -17.572254017258672 6.524656772774696
0.6451879699248121 18.263698136291936 -15.735578995827405 6.913935286942115 25.65864242611992 -17.582936948343235 6.650791660432251
0.6501503759398497 17.63259174956931 -15.72726701633679 7.029597926318527 24.884196148912416 -17.58578173530592 6.776712984571379
0.6551127819548873 16.993365032412132 -15.712651854214673 7.145020457873711 24.098688286576383 -17.58075482427308 6.902371635765395
0.6600751879699249 16.346451708990042 -15.69171123633248 7.260167285017821 23.302760472239438 -17.567827568787543 7.027718936112645
0.6650375939849624 15.692288840445034 -15.664425604043434 7.375003127543239 22.49706010020271 -17.546976151702268 7.152706664203336
0.67 15.031316529539456 -15.630778042716088 7.4894930262183355 21.682239680102615 -17.518181500749055 7.277287077374053
0.6749624060150377 14.363977638372042 -15.590754208417323 7.603602345309777 20.858956206381926 -17.481429198229975 7.401412931168127
0.6799248120300753 13.690717520044778 -15.54434225198624 7.717296772963367 20.027870544621816 -17.436709385295174 7.525037495925645
0.6848872180451129 13.011983765156955 -15.491532740752305 7.830542319371696 19.18964683624399 -17.384016661300848 7.6481145704308116
0.6898496240601505 12.328225963993171 -15.432318578161851 7.943305312653693 18.344951922982972 -17.323349978749178 7.770598492549003
0.694812030075188 11.639895485267816 -15.366694921590941 8.055552392368748 17.49445479247221 -17.254712534339326 7.892444146789952
0.6997744360902256 10.947445272281572 -15.29465909863584 8.167250500583773 16.63882604619714 -17.178111656674442 8.013606968737754
0.7047368421052632 10.25132965734373 -15.21621052218872 8.278366870408282 15.778737390986606 -17.09355869118982 8.13404294629198
0.7096992481203008 9.552004195310563 -15.13135060462341 8.388869011907435 14.914861155126486 -17.001068882886404 8.25370861766796
0.7146616541353384 8.849925517090583 -15.040082671436217 8.498724695298286 14.047869830090976 -16.90066125747496 8.372561066108448
0.719624060150376 8.145551203966576 -14.942411874708874 8.60790193132879 13.178435638794797 -16.792358501556187 8.490557911261682
0.7245864661654136 7.439339683587443 -14.838345106787166 8.716368948733528 12.307230131174913 -16.67618684248479 8.607657297185384
0.7295488721804512 6.731750148483251 -14.727890914596973 8.824094168653325 11.43492380781407 -16.55217592858985 8.723817876939702
0.7345112781954888 6.023242497960917 -14.611059415053976 8.931046175899843 10.56218577221526 -16.420358710447637 8.838998793736243
0.7394736842105264 5.314277304238317 -14.487862212060794 9.037193686939109 9.689683412233382 -16.280771323932527 8.95315965861527
0.744436090225564 4.605315803675986 -14.358312315629512 9.142505514461213 8.818082111057803 -16.13345297579983 9.066260524628003
0.7493984962406016 3.896819913962288 -14.222424063717211 9.246950528396505 7.94804498802509 -15.978445832588333 9.178261857507188
0.7543609022556391 3.189252278102933 -14.08021304741965 9.350497613232509 7.08023266941732 -15.815794913665611 9.289124502816588
0.7593233082706767 2.483076336051624 -13.93169604023266 9.45311562147955 6.215303089268589 -15.6455479892778 9.398809649577988
0.7642857142857143 1.778756424800332 -13.776890932165447 9.55477332312864 5.35391132006122 -15.467755484509029 9.507278790385515
0.769248120300752 1.076757907713859 -13.61581666957335 9.655439350941444 4.496709433037225 -15.282470390101025 9.614493678028978
0.7742105263157896 0.37754733384906464 -13.448493201672921 9.755082141411105 3.6443463876817948 -15.089748181134297 9.72041627866366
0.7791729323308272 -0.31840737206679376 -13.274941434809165 9.853669871233514 2.7974679497478 -14.889646744625459 9.825008721582265
0.7841353383458647 -1.0106366884123819 -13.095183195665282 9.95117038913376 1.9567166369838398 -14.68222631715356 9.928233245667238
0.7890977443609023 -1.6986692437363025 -12.90924120473975 10.047551142901362 1.122731691495701 -14.467549433687791 10.030052142628435
0.7940601503759399 -2.382031531796874 -12.71713906156646 10.142779101503276 0.296149077412961 -14.245680888853673 10.130427697163658
0.7990225563909775 -3.0602475944690903 -12.518901243319402 10.236820672165255 -0.5223984977580616 -14.016687711938502 10.229322124217822
0.8039849624060151 -3.7328386726672305 -12.314553118627394 10.329641612343648 -1.3322815400421453 -13.780639157002799 10.326697503562439
0.8089473684210527 -4.399322825758877 -12.104120978624893 10.421206936551439 -2.1328737064764067 -13.537606709528845 10.422515711970858
0.8139097744360902 -5.05921452035414 -11.887632087482693 10.511480818057573 -2.9235517258930113 -13.287664111097051 10.516738353328051
0.8188721804511279 -5.712024189861102 -11.665114754895768 10.600426485550322 -3.70369530619392 -13.030887403635356 10.609326687087318
0.8238345864661655 -6.357257766820922 -11.43659843325375 10.688006114945825 -4.472687031827277 -12.767354994829917 10.700241555571552
0.8287969924812031 -6.994416190797252 -11.202113842477292 10.774180716636948 -5.2299122557539635 -12.497147746313948 10.789443310714514
0.8337593984962407 -7.622994895512724 -10.96169312576832 10.85891001861804 -5.974758990832742 -12.220349086259574 10.876891740949318
0.8387218045112783 -8.242483280030795 -10.715370039784577 10.942152346093685 -6.70661780625867 -11.93704514797794 10.962545999077186
0.8436842105263158 -8.852364170094779 -10.463180183000093 11.023864498387773 -7.4248817354600565 -11.647324936077808 11.046364532090617
0.8486466165413534 -9.452113277288145 -10.20516126624009 11.104001624219455 -8.128946202692774 -11.351280521633276 11.128305014081334
0.853609022556391 -10.041198665495727 -9.941353429562696 11.182517096708468 -8.818208976461037 -11.04900726765599 11.208324283533862
0.8585714285714287 -10.619080236249081 -9.671799609779868 11.259362389820325 -9.49207015883196 -10.740604085944184 11.286378286489612
0.8635338345864663 -11.185209246947021 -9.396545962936939 11.334486958364131 -10.1499322206796 -10.426173726077462 11.36242202726121
0.8684962406015039 -11.739027878669823 -9.115642345970073 11.407838124116829 -10.791200093872327 -10.10582309692756 11.436409528578656
0.8734586466165414 -12.279968873342355 -8.829142861492276 11.479360971166944 -11.415281332373148 -9.779663620547634 11.50829380325337
0.878421052631579 -12.807455263332425 -8.537106469172311 11.548998254146241 -12.021586355116918 -9.447811617670974 11.578026839644878
0.8833834586466166 -13.320900220141983 -8.239597666411635 11.616690323642633 -12.60952878431053 -9.110388723281082 11.645559603399938
0.8883458646616542 -13.819707052581075 -7.936687239929317 11.682375073749068 -13.17852589340562 -8.76752232980176 11.71084205809263
0.8933082706766918 -14.303269388578657 -7.628453088369392 11.745987917381013 -13.72799917935377 -8.419346054384448 11.773823207512693
0.8982706766917294 -14.770971578400063 -7.314981114081663 11.807461795660037 -14.257375073770985 -8.066000225549509 11.834451162411533
0.9032330827067669 -15.222189360263304 -6.996366179735314 11.866727228272264 -14.766085807228512 -7.707632383069465 11.892673234501457
0.9081954887218046 -15.65629083186041 -6.672713122355452 11.923712412215052 -15.253570439937858 -7.344397783487835 11.948436060393611
0.9131578947368422 -16.0726377727022 -6.344137813701521 11.97834337667636 -15.719276070507577 -6.976459902078846 12.00168575793136
0.9181203007518798 -16.470587362056357 -6.0107682516415695 12.030544201869633 -16.162659232113512 -6.603990920418746 12.05236811700743
0.9230827067669174 -16.849494335011222 -5.6727456623793335 12.080237309381278 -16.583187482254548 -6.227172187125028 12.100428826425592
0.928045112781955 -17.20871361431874 -5.330225588186851 12.127343830880331 -16.980341188196817 -5.846194637808811 12.145813737665383
0.9330075187969925 -17.547603447597805 -4.983378929891226 12.171784060792968 -17.35361550521373 -5.461259158980393 12.188469165523339
0.9379699248120301 -17.865529067735622 -4.632392908060853 12.21347799667064 -17.702522538831175 -5.072576879664785 12.228342224537865
0.9429323308270677 -18.161866878578937 -4.277471902030189 12.252345968417218 -18.02659367557484 -4.680369373950649 12.265381198870626
0.9478947368421053 -18.436009148171298 -3.9188381220835655 12.288309354265541 -18.325382059357867 -4.284868757740413 12.299535941944859
0.952857142857143 -18.687369168125812 -3.5567320678454744 12.321291377443965 -18.598465182890973 -3.8863176637145935 12.330758300675717
0.9578195488721806 -18.915386810922584 -3.1914127257869307 12.351217972961015 -18.84544755568435 -3.4849690800679554 12.35900255763329
0.9627819548872181 -19.119534388189685 -2.823157461311765 12.378018709062168 -19.065963402754317 -3.081086040985777 12.384225883034917
0.9677443609022557 -19.299322684097394 -2.4522615665841663 12.401627742968152 -19.25967934152864 -2.674941160120013 12.406388787161436
0.9727067669172933 -19.45430701106696 -2.0790374343512275 12.421984785865716 -19.426296979167695 -2.2668160024525688 12.425455562733122
0.9776691729323309 -19.584093112599884 -1.7038133404707745 12.439036048223699 -19.565555369089523 -1.8570002947781494 12.441394706062523
0.9826315789473685 -19.688342722795817 -1.326931833293668 12.452735133803628 -19.677233264347283 -1.4457909804153364 12.454179305513808
0.9875939849624061 -19.76677858645567 -0.9487477457001914 12.463043849644002 -19.76115110700036 -1.0334911294028788 12.46378738601003
0.9925563909774437 -19.8191887494005 -0.5696258643233676 12.469932900143405 -19.817172696932207 -0.6204087210504594 12.470202199080584
0.9975187969924812 -19.845429946704254 -0.18993830888918112 12.473382436316784 -19.845206490695507 -0.2068553209479865 12.473412449233653
1.0024812030075188 -19.845429946704247 0.1899383088891854 12.473382436316784 -19.845206490695492 0.20685532094798648 12.473412449233653
1.0074436090225565 -19.81918874940051 0.5696258643233841 12.469932900143405 -19.8171726969322 0.6204087210504785 12.470202199080578
1.012406015037594 -19.76677858645566 0.9487477457001952 12.463043849644002 -19.761151107000344 1.0334911294028888 12.46378738601003
1.0173684210526317 -19.6883427227958 1.3269318332936801 12.452735133803625 -19.677233264347276 1.445790980415347 12.454179305513804
1.0223308270676692 -19.584093112599884 1.7038133404707836 12.439036048223699 -19.565555369089534 1.857000294778146 12.441394706062525
1.027293233082707 -19.45430701106695 2.079037434351239 12.42198478586571 -19.4262969791677 2.26681600245258 12.425455562733124
1.0322556390977444 -19.299322684097394 2.4522615665841805 12.401627742968154 -19.259679341528646 2.6749411601200155 12.406388787161436
1.0372180451127821 -19.119534388189674 2.8231574613117787 12.378018709062165 -19.065963402754328 3.081086040985784 12.384225883034922
1.0421804511278197 -18.915386810922573 3.191412725786945 12.351217972961013 -18.845447555684352 3.484969080067974 12.359002557633296
1.0471428571428572 -18.687369168125812 3.556732067845478 12.32129137744396 -18.598465182890966 3.886317663714607 12.33075830067571
1.0521052631578949 -18.43600914817128 3.9188381220835793 12.28830935426554 -18.32538205935769 4.284868757740487 12.299535941944828
1.0570676691729324 -18.161866878578937 4.277471902030198 12.252345968417217 -18.02659367557488 4.680369373950636 12.265381198870635
1.06203007518797 -17.865529067735604 4.632392908060871 12.213477996670637 -17.702522538831204 5.072576879664783 12.228342224537872
1.0669924812030076 -17.5476034475978 4.983378929891236 12.171784060792971 -17.35361550521379 5.461259158980386 12.188469165523347
1.071954887218045 -17.208713614318746 5.330225588186858 12.12734383088033 -16.980341188196853 5.846194637808824 12.145813737665389
1.0769172932330828 -16.849494335011197 5.672745662379354 12.080237309381276 -16.58318748225457 6.227172187125033 12.100428826425599
1.0818796992481203 -16.47058736205635 6.010768251641574 12.030544201869636 -16.162659232113516 6.603990920418752 12.05236811700743
1.086842105263158 -16.07263777270219 6.34413781370154 11.978343376676353 -15.719276070507563 6.976459902078866 12.00168575793136
1.0918045112781956 -15.656290831860401 6.672713122355461 11.92371241221505 -15.253570439937862 7.344397783487848 11.948436060393615
1.0967669172932333 -15.222189360263286 6.996366179735327 11.86672722827226 -14.766085807228496 7.70763238306948 11.892673234501453
1.1017293233082708 -14.770971578400047 7.314981114081674 11.807461795660036 -14.257375073770978 8.066000225549516 11.834451162411533
1.1066917293233083 -14.303269388578657 7.6284530883693975 11.745987917381012 -13.727999179353759 8.419346054384459 11.773823207512697
1.111654135338346 -13.819707052581055 7.936687239929338 11.682375073749064 -13.178525893405606 8.767522329801777 11.710842058092627
1.1166165413533835 -13.320900220141976 8.239597666411644 11.61669032364263 -12.609528784310523 9.11038872328109 11.645559603399942
1.1215789473684212 -12.807455263332413 8.537106469172317 11.54899825414624 -12.021586355116908 9.44781161767099 11.578026839644878
1.1265413533834587 -12.279968873342334 8.82914286149228 11.479360971166946 -11.415281332373116 9.77966362054765 11.508293803253368
1.1315037593984962 -11.739027878669814 9.11564234597008 11.407838124116825 -10.791200093872305 10.105823096927569 11.436409528578658
1.136466165413534 -11.185209246946997 9.396545962936951 11.334486958364126 -10.14993222067957 10.42617372607747 11.362422027261207
1.1414285714285715 -10.619080236249061 9.671799609779878 11.259362389820325 -9.492070158831954 10.740604085944195 11.286378286489615
1.1463909774436092 -10.041198665495713 9.941353429562705 11.182517096708459 -8.818208976460992 11.049007267656005 11.208324283533859
1.1513533834586467 -9.452113277288129 10.205161266240095 11.10400162421945 -8.128946202692747 11.351280521633281 11.128305014081334
1.1563157894736844 -8.852364170094758 10.463180183000105 11.02386449838777 -7.424881735460019 11.64732493607783 11.04636453209061
1.161278195488722 -8.242483280030775 10.715370039784581 10.942152346093676 -6.70661780625864 11.937045147977953 10.962545999077186
1.1662406015037594 -7.622994895512711 10.961693125768324 10.85891001861804 -5.974758990832728 12.220349086259574 10.876891740949318
1.1712030075187971 -6.99441619079722 11.202113842477296 10.774180716636945 -5.229912255753943 12.497147746313962 10.78944331071451
1.1761654135338346 -6.357257766820915 11.436598433253756 10.688006114945827 -4.4726870318272685 12.767354994829923 10.700241555571546
1.1811278195488724 -5.712024189861055 11.66511475489578 10.600426485550315 -3.7036953061938824 13.030887403635376 10.609326687087322
1.1860902255639099 -5.059214520354129 11.8876320874827 10.511480818057565 -2.923551725893002 13.287664111097056 10.516738353328048
1.1910526315789474 -4.399322825758858 12.104120978624904 10.421206936551432 -2.132873706476165 13.537606709528724 10.422515711970767
1.196015037593985 -3.7328386726671954 12.314553118627408 10.329641612343652 -1.3322815400420946 13.780639157002794 10.326697503562428
1.2009774436090226 -3.0602475944690752 12.518901243319407 10.236820672165251 -0.522398497758033 14.016687711938502 10.22932212421782
1.2059398496240603 -2.382031531796844 12.717139061566469 10.142779101503272 0.2961490774130149 14.245680888853684 10.130427697163649
1.2109022556390978 -1.6986692437362836 12.909241204739756 10.04755114290136 1.1227316914956937 14.467549433687799 10.030052142628435
1.2158646616541355 -1.0106366884123523 13.095183195665287 9.951170389133758 1.9567166369837548 14.682226317153667 9.928233245667297
1.220827067669173 -0.31840737206675324 13.27494143480918 9.853669871233514 2.797467949747188 14.88964674462609 9.825008721582613
1.2257894736842105 0.37754733384907996 13.44849320167292 9.755082141411105 3.6443463876817925 15.0897481811343 9.720416278663663
1.2307518796992483 1.0767579077138913 13.615816669573356 9.655439350941439 4.4967094330372825 15.282470390101055 9.614493678028975
1.2357142857142858 1.7787564248003622 13.776890932165454 9.554773323128634 5.3539113200612505 15.467755484509041 9.507278790385513
1.2406766917293235 2.48307633605167 13.93169604023267 9.45311562147955 6.215303089268625 15.645547989277812 9.398809649577988
1.245639097744361 3.189252278102933 14.080213047419651 9.350497613232509 7.080232669417328 15.815794913665606 9.289124502816584
1.2506015037593985 3.8968199139623136 14.222424063717217 9.246950528396502 7.9480449880250985 15.978445832588333 9.178261857507188
1.2555639097744362 4.6053158036760085 14.358312315629517 9.142505514461211 8.81808211105784 16.133452975799834 9.066260524627996
1.2605263157894737 5.3142773042383356 14.487862212060797 9.037193686939116 9.689683412233439 16.280771323932555 8.953159658615277
1.2654887218045114 6.023242497960949 14.611059415053985 8.931046175899835 10.562185772215303 16.420358710447644 8.83899879373623
1.270451127819549 6.731750148483278 14.727890914596982 8.824094168653321 11.434923807814096 16.552175928589847 8.723817876939695
1.2754135338345867 7.439339683587464 14.838345106787168 8.716368948733521 12.30723013117497 16.6761868424848 8.607657297185376
1.2803759398496242 8.145551203966615 14.942411874708888 8.607901931328795 13.178435638794824 16.79235850155619 8.490557911261682
1.2853383458646617 8.84992551709058 15.040082671436208 8.498724695298282 14.04786983009105 16.900661257474994 8.372561066108448
1.2903007518796994 9.552004195310595 15.131350604623409 8.388869011907424 14.9148611551265 17.0010688828864 8.253708617667954
1.295263157894737 10.25132965734375 15.216210522188724 8.278366870408277 15.778737390986617 17.09355869118981 8.13404294629197
1.3002255639097746 10.947445272281618 15.294659098635844 8.167250500583773 16.63882604619718 17.178111656674446 8.01360696873775
1.3051879699248121 11.639895485267816 15.366694921590941 8.055552392368746 17.494454792472226 17.25471253433932 7.8924441467899396
1.3101503759398498 12.328225963993207 15.432318578161851 7.943305312653692 18.34495192298305 17.32334997874919 7.770598492548993
1.3151127819548873 13.01198376515696 15.491532740752302 7.830542319371691 19.18964683624399 17.38401666130084 7.648114570430806
1.3200751879699248 13.690717520044801 15.544342251986238 7.717296772963364 20.027870544621837 17.436709385295174 7.525037495925636
1.3250375939849626 14.363977638372054 15.59075420841731 7.603602345309762 20.858956206381976 17.48142919822996 7.401412931168117
1.33 15.031316529539462 15.630778042716083 7.489493026218328 21.682239680102633 17.51818150074906 7.27728707737405
1.3349624060150378 15.692288840445055 15.66442560404343 7.375003127543226 22.497060100202777 17.546976151702285 7.1527066642033414
1.3399248120300753 16.346451708990088 15.691711236332484 7.260167285017813 23.30276047223944 17.567827568787525 7.027718936112633
1.3448872180451128 16.993365032412175 15.712651854214688 7.145020457873715 24.098688286576376 17.580754824273072 6.902371635765393
1.3498496240601505 17.632591749569354 15.727267016336805 7.029597926318528 24.884196148912412 17.5857817353059 6.776712984571359
1.354812030075188 18.26369813629195 15.735578995827414 6.913935286942124 25.65864242611992 17.58293694834323 6.650791660432246
1.3597744360902257 18.886254112908528 15.737612847681241 6.798068446119347 26.42139190575655 17.572254017258675 6.5246567727746925
1.3647368421052632 19.499833563042205 15.73339647284002 6.682033611476285 27.1718164675532 17.55377147469824 6.398357834957293
1.369699248120301 20.10401466276307 15.722960678757902 6.565867281485557 27.90929576512029 17.527532896282548 6.271944734142206
1.3746616541353385 20.698380219171632 15.7063392362498 6.449606233256178 28.63321791605987 17.49358695727673 6.145467698728458
1.379624060150376 21.282518017475766 15.683568932429122 6.333287508582803 29.342980198617838 17.451987481371326 6.01897726344782
1.3845864661654137 21.856021175615126 15.654689619552705 6.216948398319456 30.037989752968556 17.402793481245656 5.8925242322304765
1.3895488721804512 22.418488505473892 15.619744259599074 6.100626425143016 30.717664285182117 17.346069190609207 5.766159638952242
1.394511278195489 22.969524879715 15.578778964416935 5.984359324772415 31.381432771893564 17.281884087445697 5.639934706180265
1.3994736842105264 23.508741603257725 15.53184303129054 5.868185025709945 32.028736163666196 17.21031290821255 5.513900802039723
1.404436090225564 24.035756788416055 15.478988973780035 5.752141627572566 32.65902808502358 17.13143565277869 5.388109395328323
1.4093984962406017 24.550195732704324 15.420272547704636 5.636267378081486 33.27177552910992 17.045337579913447 5.262612009010644
1.4143609022556392 25.051691298314925 15.35575277214877 5.520600648780119 33.86645954493763 16.952109193171946 5.1374601722285345
1.4193233082706769 25.539884292269022 15.285491945382985 5.405179909551345 34.44257591518519 16.851846217055225 5.012705370968659
1.4242857142857144 26.01442384623784 15.209555655603154 5.290043702006802 34.99963582251389 16.744649563354425 4.888398997531247
1.429248120300752 26.47496779503513 15.128012786404247 5.175230611821883 35.53716650240361 16.630625287626202 4.764592298949104
1.4342105263157896 26.92118305278365 15.040935516918712 5.060779240092032 36.05471188051966 16.509884535775225 4.64133632450752
1.439172932330827 27.352745985762915 14.948399316561389 4.946728173786855 36.55183319268758 16.382543480765143 4.518681872520919
1.4441353383458648 27.76934278095535 14.850482934338437 4.833115955380517 37.0281095855534 16.248723249496585 4.396679436520994
1.4490977443609023 28.170669809315953 14.74726838269008 4.719981051737573 37.48313869611481 16.10854983994853 4.2753791510171375
1.45406015037594 28.55643398280727 14.638840915852805 4.6073618223351485 37.91653720832656 15.962154028695743 4.1548307369877655
1.4590225563909776 28.926353104254126 14.525289002740669 4.4952964869034275 38.327941385074695 15.809671268959598 4.035083447264039
1.463984962406015 29.280156209095484 14.406704294360239 4.383823092567143 38.71700757388965 15.651241579382352 3.916186011967131
1.4689473684210528 29.617583898128665 14.283181585788798 4.272979480572083 39.08341268485023 15.487009423748095 3.7981865841598506
1.4739097744360903 29.938388660370855 14.154818772761129 4.1628032526810586 39.426854639227294 15.31712358190822 3.681132685872827
1.478872180451128 30.24233518518703 14.021716802924582 4.053331737324488 39.74705278751313 15.14173701220037 3.565071154663558
1.4838345864661655 30.529200662867094 13.883979621838158 3.944601955590999 40.04374829559039 14.961006705682788 3.4500480908651614
1.4887969924812032 30.7987750728679 13.741714113806292 3.8366505871439127 40.316704497908276 14.775093532534985 3.336108805678265
1.4937593984962407 31.050861458972545 13.595030037652698 3.729513936148898 40.56570721664497 14.584162081004145 3.2232977702567442
1.4987218045112782 31.285276190662227 13.444039957556198 3.6232278972987526 40.790565045971874 14.388380489306616 3.1116585659340075
1.503684210526316 31.50184921003199 13.288859169082237 3.517827922019528 40.991109600643526 14.187920270914688 3.001233835731778
1.5086466165413535 31.700424263635142 13.129605620561623 3.4133489849427185 41.16719572828869 13.98295613368839 2.8920652372888913
1.5136090225563912 31.880859118682817 12.966399829979576 3.309825550726554 41.318701684895814 13.773665793328814 2.7841933973414275
1.5185714285714287 32.04302576307738 12.799364797552698 3.2072915413083827 41.445529273173115 13.560229781664788 2.6776578678818304
1.5235338345864662 32.186810588813046 12.628625914185296 3.1057803036688405 41.54760394338388 13.342831250236394 2.5724970841081642
1.528496240601504 32.312114558326286 12.454310866007372 3.0053245781865794 41.62487485690875 13.121655769808765 2.4687483242905355
1.5334586466165414 32.41885335344268 12.276549535211146 2.905956467660772 41.67731491222593 12.896891126251049 2.3664476716432254
1.5384210526315791 32.506957506617425 12.095473897411441 2.807707407075746 41.70492073373236 12.668727113405328 2.2656299783093985
1.5433834586466166 32.57637251423328 11.911217915769178 2.7106081341807684 41.70771262366443 12.437355323486948 2.166328831543856
1.5483458646616544 32.627058931775785 11.72391743212403 2.6146886609541067 41.68573447759605 12.202968935588625 2.0685765221742844
1.5533082706766919 32.65899245077089 11.533710055393911 2.5199782460186597 41.639053664125704 11.965762502863807 1.972404015412872
1.5582706766917294 32.672163957434634 11.340735047506623 2.4265053680730393 41.56776086948769 11.725931738963837 1.8778409240810294
1.563233082706767 32.66657957304387 11.145133207135615 2.334297700398343 41.471969907968415 11.483673304305267 1.7849154843006865
1.5681954887218046 32.64226067610781 10.947046751520297 2.24338208649832 41.35181749905626 11.239184592727312 1.693654533697055
1.5731578947368423 32.59924390647909 10.746619196654997 2.153784516925775 41.207463012589244 10.992663519130684 1.6040834921477742
1.5781203007518798 32.53758115161556 10.543995236138183 2.0655301073457437 41.03908818294214 10.744308308622571 1.5162263451050837
1.5830827067669173 32.457339515261694 10.339320618974813 1.9786430778806121 40.8468967937236 10.494317287737509 1.430105629507299
1.588045112781955 32.358601268887696 10.132742026629678 1.893146733779485 40.63111433438371 10.242888678262794 1.3457424222883105
1.5930075187969925 32.241463786289344 9.924406949630892 1.8090634474490201 40.39198763027676 9.990220394188974 1.263156331483037
1.5979699248120303 32.10603946181423 9.714463564024609 1.7264146418796944 40.1297844478255 9.736509842293735 1.182365489919544
1.6029323308270678 31.952455612742888 9.503060607981308 1.6452207754959716 39.8447930765046 9.481953726846413 1.1033865514789145
1.6078947368421055 31.78085436641841 9.290347258854723 1.565501328455614 39.53732188945237 9.226747858904304 1.0262346898963237
1.612857142857143 31.591392532778478 9.076473010992665 1.4872747904182457 39.207698884590826 8.971086970650362 0.9509236000680534
1.6178195488721805 31.384241463002155 8.86158755459574 1.41055864979886 38.85627120820196 8.715164535201424 0.8774655018220372
1.6227819548872182 31.15958689505176 8.645840655920189 1.3353693845184154 38.48340466296948 8.459172592293058 0.8058711461015147
1.6277443609022557 30.91762878693733 8.429382039113033 1.2617224542577326 38.08948320255807 8.203301580226658 0.7361498235056363
1.6327067669172934 30.658581138600695 8.212361269967406 1.1896322942179722 37.674908414840075 7.947740174435204 0.6683093751219609
1.637669172932331 30.38267180336433 7.994927641878789 1.1191123103860985 37.24009899594512 7.692675133008514 0.6023562055829732
1.6426315789473687 30.090142289952283 7.777230064277703 1.0501748762989624 36.785490217327066 7.438291149484826 0.5382952982693574
1.6475939849624062 29.781247556144024 7.559416953809624 0.9828313312966674 36.3115333880973 7.18477071319866 0.47613023258070974
1.6525563909774437 29.456255795175835 7.341636128524925 0.9170919802507047 35.81869531489896 6.932293977446584 0.4158632031875893
1.6575187969924814 29.115448216063044 7.124034705336541 0.8529660947492292 35.30745776163222 6.681038635710266 0.35749504117586994
1.662481203007519 28.759118819064753 6.906759000993986 0.7904619157170867 34.77831691135579 6.43117980614884 0.301025236989112
1.6674436090225566 28.387574167579515 6.689954436819136 0.7295866574461876 34.2317828327466 6.182889924556598 0.2464519650733834
1.6724060150375941 28.001133157802087 6.473765447436961 0.6703465130061268 33.6683789535015 5.93633864595369 0.19377211012494122
1.6773684210526316 27.600126787544255 6.258335393732956 0.6127466610040369 33.08864154309393 5.691692754955362 0.14298129483820077
1.6823308270676693 27.18489792566666 6.043806480256023 0.5567912736568559 32.49311920736818 5.449116085055152 0.09407390905241186
1.6872932330827068 26.755801083647484 5.830319677286013 0.5024835261391978 31.88237239743856 5.208769446926716 0.0470431401914837
1.6922556390977446 26.31320219086419 5.618014647771773 0.4498256071642466 31.256972935440785 4.970810565839017 0.0018810048915671729
1.697218045112782 25.85747837524812 5.4070296793469765 0.39881873075526997 30.617503559723957 4.735394028264572 -0.041421618288412176
1.7021804511278198 25.38901775103284 5.197501621618926 0.34946314916038546 29.96455749213166 4.502671237746107 -0.0828749551786867
1.7071428571428573 24.90821921541594 4.989565828928782 0.30175816686344525 29.298738030084024 4.272790380073474 -0.12249030143831696
1.7121052631578948 24.415492256027946 4.783356108772601 0.255702155640094 28.62065816629618 4.045896397823199 -0.1602799872247207
1.7170676691729325 23.91125677121589 4.579004676075357 0.21129257060747086 27.930940239020032 3.82213097429446 -0.19625734119643923
1.72203007518797 23.395942905244098 4.37664211350517 0.16852596721345137 27.230215615892433 3.6016325268873928 -0.2304366539475442
1.7269924812030077 22.86999090066371 4.1763973380228165 0.1273980191114834 26.519124414575714 3.38453620995935 -0.2628331409717024
1.7319548872180452 22.333850970211387 3.978397573856512 0.08790353686377728 25.798315263622413 3.1709739272080455 -0.29346290525027463
1.7369172932330827 21.787983190790413 3.7827683321056327 0.050036487417001396 25.06844510702041 2.9610743536159703 -0.3223428995552027
1.7418796992481205 21.23285742224502 3.589633397179071 0.013790014292029085 24.330179056694305 2.7549629670687352 -0.3494908885534329
1.746842105263158 20.668953253863123 3.399114820288453 -0.020843541570249258 23.584190296717225 2.55276208967814 -0.37492541079585173
1.7518045112781957 20.096759981763142 3.211332920225935 -0.053872620366476553 22.8311600441279 2.354590938953315 -0.39866574066910765
1.7567669172932332 19.516776620628917 3.0264062916831023 -0.08530642144942391 22.071777571342437 2.1605656889557068 -0.42073185038100647
1.761729323308271 18.92951195353072 2.8444518213773122 -0.1151548808685483 21.306740295749194 1.970799541613772 -0.44114437204624046
1.7666917293233084 18.335484623982722 2.6655847122922083 -0.1434286484898859 20.536753942758764 1.7854028084253102 -0.45992455993142833
1.771654135338346 17.735223274771357 2.4899185163597366 -0.1701390647558636 19.762532789357437 1.6044830028348755 -0.47709425290915597
1.7766165413533836 17.129266738628274 2.317565175962166 -0.19529813714255617 18.984799996125133 1.4281449436372355 -0.49267583716317276
1.7815789473684212 16.518164286365163 2.1486350746717022 -0.2189185163733729 18.20428803679937 1.2564908698445265 -0.5066922091745081
1.7865413533834589 15.902475938781237 1.9832370977049578 -0.24101347244727123 17.42173923580458 1.08962056755162 -0.5191667390069448
1.7915037593984964 15.282772849442978 1.821478702636611 -0.2615968705390852 16.63790642578641 0.9276315094581236 -0.5301232338931392
1.7964661654135339 14.659637766367297 1.663466000995733 -0.28068314682896656 15.853553739059464 0.7706190078345543 -0.5395859021073797
1.8014285714285716 14.033665581733345 1.509303851460814 -0.2982872843183433 15.069457549361573 0.6186763819129055 -0.547579317084903
1.806390977443609 13.405463980055885 1.359095965485416 -0.31442478868758883 14.286407582988772 0.47189514086153395 -0.5541283817237606
1.8113533834586468 12.77565419675605 1.2129450263069828 -0.3291116642539791 13.505208222037368 0.3303651837758963 -0.5592582927673533
1.8163157894736843 12.14487190095582 1.0709528224655855 -0.3423643900831923 12.726680026651877 0.19417501840119655 -0.5629945051248377
1.821278195488722 11.513768218428737 0.9332203971248134 -0.35419989631334303 11.951661508576763 0.06341200068831654 -0.5653626959267299
1.8262406015037596 10.883010913340087 0.7998482147289039 -0.3646355407458426 11.181011194813038 -0.061837402280289666 -0.5663887280443234
1.831203007518797 10.253285750485702 0.6709363467778005 -0.3736890857623454 10.415610028540243 -0.18148732287538394 -0.5660986127006211
1.8361654135338348 9.625298063614906 0.5465846788340798 -0.38137867562518046 9.656364164576928 -0.2954521732362423 -0.5645184706785393
1.8411278195488723 8.999774560026083 0.42689314125343003 -0.38772281422179056 8.904208231268797 -0.40364629051360623 -0.5616744914532319
1.84609022556391 8.377465397304263 0.31196196659790587 -0.3927403433159107 8.160109144263402 -0.5059835414569136 -0.5575928893596895
1.8510526315789475 7.75914657502733 0.20189197725795793 -0.3964504213714122 7.4250705848845655 -0.6023768788147947 -0.5522998555697605
1.856015037593985 7.145622692873928 0.09678490750306423 -0.39887250301928034 6.700138279474459 -0.6927378406532227 -0.5458215042344072
1.8609774436090227 6.537730137286701 -0.003256234961426685 -0.4000263192432918 5.986406257280805 -0.7769759809533952 -0.5381838105226926
1.8659398496240602 5.936340772246183 -0.09812676179664948 -0.3999318583683156 5.285024314072814 -0.8549982167371155 -0.5294125374250314
1.870902255639098 5.3423662266105225 -0.18771984373657347 -0.39860934794469927 4.597206977578651 -0.9267080726125414 -0.5195331469403754
1.8758646616541355 4.756762892079223 -0.2719259880646234 -0.39607923763194464 3.924244365071047 -0.9920047977250874 -0.5085706894514601
1.8808270676691732 4.1805377732898705 -0.3506324426449652 -0.39236218320604266 3.2675154544589304 -1.0507823219296313 -0.4965496624098549
1.8857894736842107 3.6147553674520054 -0.42372251255835636 -0.3874790318272119 2.628504475091461 -1.1029280065286287 -0.4834938254230252
1.8907518796992482 3.0605457974335195 -0.4910747719412569 -0.3814508087368971 2.008821390191997 -1.14832112848228 -0.46942595267724485
1.895714285714286 2.519114483968508 -0.5525621490608472 -0.37429870558058553 1.4102278295119959 -1.1868310131464739 -0.45436749403942045
1.9006766917293234 1.9917537249611996 -0.6080508566765985 -0.36604407059647315 0.8346704151389304 -1.218314694428301 -0.438338100885197
1.9056390977443611 1.4798566613302455 -0.6573991317298749 -0.35670840096003786 0.2843242897309892 -1.242613927942159 -0.4213549478849927
1.9106015037593986 0.9849342616547574 -0.7004557375849174 -0.34631333764216166 -0.2383489541604149 -1.259551296230768 -0.4034317403265
1.9155639097744361 0.5086361706420348 -0.7370581671960679 -0.33488066322225407 -0.7305225710219929 -1.2689250096462956 -0.38457722509974346
1.9205263157894739 0.052776567701528165 -0.7670304648564183 -0.3224323032013032 -1.1888952136962416 -1.2705017794558557 -0.3647928963957092
1.9254887218045114 -0.3806333839677336 -0.790180554808714 -0.30899033149169597 -1.609534693783985 -1.2640067515608848 -0.3440693531449597
1.930451127819549 -0.7893442784374542 -0.8062969224550756 -0.29457698091421847 -1.9876482936840603 -1.2491087977188329 -0.3223803159693581
1.9354135338345866 -1.1708152172918744 -0.8151444309825848 -0.2792146597066818 -2.3172337656674244 -1.2253981761018338 -0.2996724074477548
1.9403759398496243 -1.5221439027011456 -0.8164589607862069 -0.2629259752112638 -2.5905290096395674 -1.1923510649427413 -0.27584687876685265
1.9453383458646618 -1.8399730443500175 -0.8099404101790242 -0.24573376597842156 -2.797107663859151 -1.149270304531285 -0.2507251183561223
1.9503007518796993 -2.1203621646492365 -0.7952433559405847 -0.2276611432910407 -2.922323411468824 -1.0951803201419352 -0.2239791750030733
1.955263157894737 -2.358607237609249 -0.7719642707073859 -0.20873154202526223 -2.944500656834748 -1.0286273144650409 -0.1949802686006059
1.9602255639097745 -2.548978685705265 -0.7396234917420372 -0.18896877739864593 -2.829616374952593 -0.9472664453797677 -0.16243445376167642
1.9651879699248123 -2.684325712139753 -0.6976388396768414 -0.1683970946447353 -2.5209209811002893 -0.8469196971879285 -0.12339178605520829
1.9701503759398498 -2.7554492955687238 -0.6452852350439997 -0.14704117184320964 -1.9195608492132124 -0.7191552727234409 -0.07010245992417552
1.9751127819548875 -2.7500456211224673 -0.5816292156398362 -0.1249259568755221 -0.8625330361489887 -0.5442113626579328 0.02195687777615518
1.980075187969925 -2.650774673389151 -0.505414349085882 -0.10207596259510154 0.7808341764634861 -0.2700192090107407 0.2458758972388324
1.9850375939849625 -2.431304410563598 -0.4148382350586246 -0.07851267955985008 2.3797045585286014 0.13876077617061355 0.8173877346906977
1.99 -2.0466814693081687 -0.30704277244868194 -0.05424417133856707 2.3695060797957694 -0.03924955540503561 0.451752738706773
