0.01 12.59080983291642 -0.14276397030812404 0.001122082239210916 5.7974377085556625 -0.010418365389796236 -0.0011002066429786812
0.014962406015037594 27.817874981214118 -0.396850428276025 0.005124285484856253 18.715460765408352 -0.1961021393952933 0.0012395567146204673
0.01992481203007519 46.62615126813034 -0.7479366697632486 0.0114099965469876 35.66072123133927 -0.48100778633670416 0.005706811302530923
0.024887218045112784 68.2553974189068 -1.1860365528239072 0.019969608323800493 55.756830032340076 -0.8550935635979613 0.01231974031823076
0.029849624060150376 92.17081905961822 -1.7033811260458833 0.03078881625279687 78.41127168682578 -1.3107042006296297 0.021086867850042285
0.034812030075187975 117.96573448603885 -2.2935264538165256 0.04384986718956441 103.18083689539708 -1.8415231474162965 0.03200876744666914
0.039774436090225566 145.31520686191652 -2.9509055993223683 0.059132092298230056 129.7145147008996 -2.4421000649159623 0.04508003518667181
0.044736842105263165 173.95058215028257 -3.6705725762501515 0.076612186783881 157.7236098237663 -3.107590800755247 0.06029050457820517
0.04969924812030076 203.64413358084494 -4.448043082205231 0.09626438596203948 186.9641835649818 -3.833598333691043 0.077626003738627
0.05466165413533835 234.19915954455064 -5.279189342068548 0.11806059531895603 217.22591432017362 -4.6160686563843 0.09706885697211001
0.05962406015037595 265.44326745247963 -6.160167556050055 0.14197049958796032 248.32462765062883 -5.4512192989568575 0.11859823984612441
0.06458646616541354 297.2236346911741 -7.087366143518011 0.1679616626281586 280.0970703794774 -6.335488512650727 0.14219044717374155
0.06954887218045112 329.4035561310775 -8.057367854829181 0.1959996239432205 312.39712950399917 -7.265498172179264 0.16781910751367235
0.07451127819548872 361.8598615293595 -9.06692146774435 0.22604799480964505 345.09302027964804 -8.238026138908765 0.1954553639746071
0.07947368421052632 394.48093991298447 -10.112920302748705 0.25806855548609775 378.0651462792157 -9.24998534803683 0.22506803337925163
0.0844360902255639 427.16519879662883 -11.192385706960863 0.2920213541860974 411.20443848310606 -10.29840779541604 0.2566237513421446
0.0893984962406015 459.81984190504227 -12.302454229727402 0.32786480803359075 444.4110438310563 -11.380432167407037 0.2900871080893997
0.0943609022556391 492.35988466213166 -13.440367585567401 0.36555580595950704 477.59327371264953 -12.49329422392168 0.3254207781484363
0.09932330827067669 524.7073500944462 -14.603464749165084 0.40504981334071505 510.66674913942916 -13.634319290750057 0.3625856459346295
0.10428571428571429 556.790603586147 -15.789175698213342 0.4463009780945176 543.5536968781034 -14.800916384683092 0.40154092854042034
0.10924812030075189 588.5437958042512 -16.995016439344454 0.48926223787068085 576.1823629233259 -15.990573612847868 0.44224429654675623
0.11421052631578947 619.9063908339722 -18.218585039328445 0.5338854279780325 608.486518171072 -17.200854571765888 0.48465199333750775
0.11917293233082707 650.8227620564194 -19.457558445644338 0.5801213896425566 640.4050372367401 -18.429395533260276 0.5287189531678724
0.12413533834586467 681.2418423560466 -20.70968992777489 0.6279200782068106 671.8815357882158 -19.67390324997109 0.5743989180738988
0.12909774436090227 711.1168182328729 -21.972807005660684 0.6772306708811797 702.8640550366363 -20.932153247700512 0.6216445535991989
0.13406015037593985 740.4048596357916 -23.2448097584591 0.7280016736600908 733.3047845002038 -22.201988498395053 0.6704075632335507
0.13902255639097746 769.0668790559957 -24.523669427993354 0.7801810270401077 763.1598159813948 -23.481318387377144 0.720638801400419
0.14398496240601505 797.0673147320231 -25.807427247563965 0.8337162101908527 792.3889231921094 -24.76811790558412 0.7722883848042035
0.14894736842105266 824.3739338399355 -27.094193439759067 0.8885543432463194 820.9553625070348 -26.06042700921347 0.8253058019179562
0.15390977443609025 850.957652342473 -28.382146337265112 0.944642287402317 848.8256912707475 -27.35635010065107 0.8796400203857762
0.15887218045112783 876.7923688225455 -29.669531589686926 1.001926742545803 875.9696007066268 -28.65405559183398 0.9352395921079074
0.16383458646616544 901.8548101091947 -30.954661425537324 1.0603543421396489 902.3597610746056 -29.951775518908732 0.9920527557853731
0.16879699248120303 926.124386932539 -32.23591394500022 1.119871745134842 927.9716771416697 -31.24780518219785 1.0500275366995073
0.1737593984962406 949.5830581568771 -33.51173242329838 1.1804257246894612 952.7835523998419 -32.54050279065967 1.1091118435266907
0.17872180451127823 972.2152024165698 -34.780624608788344 1.2419632535097282 976.7761607435696 -33.82828909356925 1.1692535619872069
0.1836842105263158 994.0074961913051 -36.04116200306203 1.3044315856473951 999.9327245672139 -35.10964698594859 1.230400645158968
0.1886466165413534 1014.9487975355805 -37.291979113180446 1.3677783346134924 1022.2387984282996 -36.38312107682867 1.2925012002939458
0.193609022556391 1035.0300348234568 -38.53177266857989 1.4319515476939366 1043.6821575860722 -37.647317212040946 1.355503572000342
0.1985714285714286 1054.244099987035 -39.759300797129754 1.496899776373605 1064.2526908531863 -38.90090194522696 1.419356421670031
0.20353383458646618 1072.585745827273 -40.97338215661864 1.5625721428010024 1083.9422973075161 -40.14260195258112 1.4840088030519045
0.2084962406015038 1090.0514870538245 -42.17289501929372 1.628918402244468 1102.7447865005151 -41.37120338839736 1.5494102338927527
0.21345864661654138 1106.6395047764272 -43.356776308294116 1.69588900151048 1120.6557818718893 -42.585551179800234 1.6155107635871673
0.21842105263157896 1122.3495542290548 -44.52402058602968 1.763435133322055 1137.672627138726 -43.78454826008175 1.6822610367936168
0.22338345864661657 1137.1828755459028 -45.67367899517342 1.8315087866635906 1153.794295474734 -44.967154741045874 1.74961235299781
0.22834586466165416 1151.1421074475775 -46.80485815378984 1.9000627931212908 1169.0213013531693 -46.1323870258945 1.817516722020914
0.23330827067669174 1164.2312037256852 -47.91671900674902 1.9690508692657147 1183.3556149226915 -47.27931686409261 1.885926915482957
0.23827067669172936 1176.4553524334378 -49.0084756359054 2.0384276551316014 1196.8005788534974 -48.40707035111092 1.9547965142546009
0.24323308270676694 1187.8208977133945 -50.07939403211461 2.108148748872132 1209.3608275856268 -49.51482687586008 2.024079951942838
0.24819548872180452 1198.3352642028258 -51.128790832258915 2.178170737668694 1221.04220893396 -50.60181801908553 2.0937325544669485
0.25315789473684214 1208.0068839719415 -52.15603202483223 2.2484512249947457 1231.8517080257361 -51.667326406545925 2.1637105758009527
0.2581203007518797 1216.8451259557132 -53.16053162767727 2.318948854336857 1241.7973735324913 -52.71068452043764 2.233971229961928
0.2630827067669173 1224.8602278474536 -54.141750341643814 2.3896233294879927 1250.8882462039628 -53.731273473623304 2.3044727193453576
0.2680451127819549 1232.06323042647 -55.099194183986754 2.4604354315350507 1259.13428967251 -54.72852175023701 2.375174259502373
0.27300751879699253 1238.465914293076 -56.03241310527494 2.531347032666673 1266.546323532788 -55.701903917221614 2.4460361004819924
0.2779699248120301 1244.0807389867532 -56.940999593609405 2.6023211069348187 1273.1359586837198 -56.65093931072755 2.517019544848125
0.2829323308270677 1248.9207844622151 -57.82458726982955 2.6733217381049443 1278.91553493015 -57.5751907016996 2.5880869625049074
0.2878947368421053 1252.9996948989747 -58.682849477372 2.7443141247364418 1283.8980608337679 -58.47426294461073 2.6592018024552404
0.29285714285714287 1256.3316248166984 -59.515497870230945 2.815264582631972 1288.0971558059218 -59.347801613420046 2.7303286016306885
0.2978195488721805 1258.931187469896 -60.3222810024827 2.8861405448029047 1291.526994430652 -60.195491628634954 2.8014329909301865
0.3027819548872181 1260.8134054885963 -61.10298292245395 2.956910559086984 1294.2022530028662 -61.01705587918232 2.8724816986054735
0.30774436090225565 1261.9936637354058 -61.857421774740345 3.0275442835681 1296.1380582659694 -61.81225384275885 2.943442551137578
0.31270676691729327 1262.4876643422294 -62.585448412887246 3.0980124799362274 1297.349938327719 -62.58088020805394 3.0142844717442494
0.3176691729323309 1262.3113838888326 -63.28694502542268 3.168287004926584 1297.853775730901 -63.322763502112934 3.084977476660299
0.32263157894736844 1261.4810326843103 -63.961823777821564 3.2383407999786926 1297.6657626520705 -64.03776472592634 3.155492669332003
0.32759398496240605 1260.013016108623 -64.61002547271266 3.3081478792490344 1296.802358198357 -64.72577600114016 3.225802232665482
0.33255639097744366 1257.9238979695388 -65.23151823047505 3.377683316109311 1295.280247767991 -65.38671923052533 3.2958794194633825
0.3375187969924812 1255.230365828338 -65.82629619218795 3.4469232282586733 1293.1163044402897 -66.02054477481423 3.365698541190419
0.34248120300751883 1251.9491982456325 -66.39437824671288 3.5158447615747237 1290.3275523529983 -66.62723014805238 3.4352349551918153
0.34744360902255644 1248.097233897794 -66.93580678354562 3.5844260728257744 1286.9311320277652 -67.20677873370761 3.5044650504999098
0.352406015037594 1243.6913425099506 -67.45064647274884 3.6526463113549283 1282.9442675971814 -67.75921852333283 3.573366232347877
0.3573684210526316 1238.7483975553423 -67.93898307336809 3.7204855998556803 1278.384235889312 -68.28460087963069 3.641916905517514
0.3623308270676692 1233.2852506641166 -68.40092227127704 3.7879250143387297 1273.268337318464 -68.78299932531397 3.7100964566301515
0.3672932330827068 1227.3187076876202 -68.83658854744039 3.8549465633956324 1267.6138685338146 -69.25450835921654 3.7778852354974823
0.3722556390977444 1220.8655063623405 -69.24612407736888 3.9215331668568063 1261.438096774321 -69.69924230084476 3.845264535639945
0.377218045112782 1213.9422955167493 -69.62968766236847 3.987668633934929 1254.7582358754335 -70.11733416430712 3.9122165740708716
0.38218045112781956 1206.565615764268 -69.98745369306485 4.0533376409407875 1247.5914238758428 -70.50893456259092 3.978724470449653
0.3871428571428572 1198.7518816265856 -70.31961114561287 4.118525708656986 1239.9547021671751 -70.87421064278723 4.0447722256923635
0.3921052631578948 1190.5173650295555 -70.62636261076358 4.183219179443595 1231.8649961349247 -71.21334505295661 4.110344700131121
0.39706766917293235 1181.8781801160662 -70.9079233559508 4.247405194150801 1223.3390972315465 -71.52653494095685 4.1754275913044
0.40203007518796996 1172.8502693199061 -71.16452042041252 4.311071668906701 1214.393646428201 -71.81399098558194 4.2400074114550375
0.4069924812030076 1163.4493906452435 -71.39639174326166 4.374207271843524 1205.0451189899459 -72.07593646024111 4.304071464813628
0.41195488721804513 1153.6911060969614 -71.60378532432594 4.436801399820903 1195.3098105181562 -72.31260632919427 4.367607824732589
0.41691729323308274 1143.590771208546 -71.78695841753017 4.498844155202488 1185.2038242059994 -72.52424637635173 4.43060531073724
0.42187969924812035 1133.1635256142185 -71.94617675646242 4.560326322734782 1174.7430592529163 -72.71111236652365 4.493053465554102
0.4268421052631579 1122.4242846140855 -72.08171381175652 4.6212393465764166 1163.943200384186 -72.87346923889254 4.554942532171222
0.4318045112781955 1111.3877316812145 -72.19385007980392 4.681575307518861 1152.8197084243743 -73.01159033247168 4.616263430982615
0.43676691729323314 1100.0683118617217 -72.28287240230904 4.741326900439057 1141.3878118697999 -73.1257566430898 4.677007737063954
0.4417293233082707 1088.4802260194713 -72.34907331610654 4.8004874120180965 1129.6624994142005 -73.21625611163624 4.7371676576239325
0.4466917293233083 1076.6374258786705 -72.39275043263704 4.859050698757974 1117.6585133740539 -73.2833829429433 4.796736009669209
0.4516541353383459 1064.5536098192754 -72.41420584645715 4.917011165326184 1105.3903439675125 -73.32743695485931 4.855706197921301
0.4566165413533835 1052.2422193807986 -72.413745572077 4.974363743251661 1092.8722243992381 -73.34872295689445 4.914072193016203
0.4615789473684211 1039.7164364323758 -72.39167900844721 5.031103869996163 1080.1181267059167 -73.34755015784349 4.971828510017518
0.4665413533834587 1026.9891809680453 -72.34831843036697 5.087227468420814 1067.1417583180648 -73.32423160172205 5.028970187268767
0.47150375939849626 1014.0731094875059 -72.28397850605809 5.142730926664131 1053.9565592954075 -73.27908363133572 5.085492765608246
0.47646616541353387 1000.9806139244795 -72.19897584015798 5.1976110784470935 1040.575700194468 -73.2124253787772 5.141392267967301
0.4814285714285715 987.723821086088 -72.09362854136153 5.251865183817448 1027.012080528491 -73.12457828212064 5.1966651793695995
0.48639097744360904 974.3145925679689 -71.9682558139225 5.305490910342798 1013.2783277812421 -73.0158656275685 5.25130842734684
0.49135338345864665 960.7645251119823 -71.82317757226801 5.3584863147628905 999.3867969378571 -72.88661211630009 5.30531936278436
0.49631578947368427 947.0849513737612 -71.65871407790146 5.410849825104542 985.3495704972584 -72.73714345525815 5.358695741207756
0.5012781954887219 933.2869410698434 -71.47518559784977 5.462580223266344 971.1784589319088 -72.56778597108404 5.411435704517988
0.5062406015037594 919.3813024749895 -71.27291208387147 5.513676628075651 956.8850015627388 -72.3788662464576 5.463537763184181
0.511203007518797 905.3785842414186 -71.05221287163266 5.564138478817715 942.4804678177561 -72.17071077804037 5.515000778897175
0.5161654135338346 891.2890775139595 -70.8134063991307 5.613965519240226 927.9758588449758 -71.94364565527738 5.565823947689369
0.5211278195488722 877.1228183154694 -70.55680994358623 5.663157782030216 913.3819094510859 -71.6979962592724 5.616006783521501
0.5260902255639098 862.8895901786063 -70.28273937606484 5.711715573761212 898.7090903390358 -71.43408698098953 5.665549102337925
0.5310526315789474 848.5989270013853 -69.99150893311423 5.759639460308503 883.9676106188899 -71.15224095802687 5.714451006589217
0.536015037593985 834.2601161049229 -69.68343100469437 5.806930252727722 869.1674205677244 -70.85277982923614 5.762712870221766
0.5409774436090226 819.8822014731503 -69.35881593771035 5.8535889935924 854.3182146152296 -70.5360235064359 5.810335324129103
0.5459398496240602 805.4739871550739 -69.01797185444678 5.899616943783306 839.4294345335429 -70.2022899625363 5.857319242064037
0.5509022556390978 791.0440408118781 -68.66120448526763 5.9450155697255775 824.5102728103956 -69.85189503535513 5.903665727005106
0.5558646616541354 776.6006973915684 -68.28881701491075 5.989786531064898 809.5696761862317 -69.48515224645186 5.949376097972839
0.560827067669173 762.1520629151257 -67.90110994174394 6.033931668775022 794.6163493367596 -69.10237263430353 5.994451877289017
0.5657894736842106 747.7060183594058 -67.49838094939214 6.077452993690533 779.6587586838548 -68.70386460118769 6.038894778273545
0.5707518796992481 733.2702236224484 -67.08092479011988 6.120352675454734 764.7051363182499 -68.28993377311838 6.08270669336993
0.5757142857142857 718.8521215580412 -66.64903317939657 6.162633031874238 749.7634840190153 -67.86088287224338 6.12588968269365
0.5806766917293233 704.4589420673653 -66.2029947011015 6.20429651867244 734.8415773551998 -67.41701160108074 6.168445962993097
0.585639097744361 690.0977062359958 -65.74309472281034 6.245345719631108 719.9469698564188 -66.95861653803503 6.210377897016389
0.5906015037593986 675.7752305056579 -65.26961532065529 6.285783337111553 705.0869972398289 -66.4859910436312 6.2516879832749135
0.5955639097744362 661.4981308707544 -64.78283521325694 6.3256121829459255 690.2687816815621 -65.99942517690698 6.2923788461932535
0.6005263157894737 647.2728270903187 -64.28302970423825 6.364835169688346 675.4992361219464 -65.49920562146173 6.332453226637885
0.6054887218045113 633.105546906878 -63.77047063286271 6.403455302216692 660.7850685942473 -64.98561562064859 6.371913972814639
0.6104511278195489 619.0023302642217 -63.24542633234576 6.441475669674991 646.1327865673976 -64.45893492141698 6.410764031524966
0.6154135338345865 604.9690335167301 -62.70816159541006 6.47889943774655 631.548701294221 -63.91943972635243 6.449006439771956
0.6203759398496241 591.0113336235513 -62.15893764667817 6.515729841248608 617.0389321566875 -63.367402653443655 6.486644316705918
0.6253383458646617 577.1347323213122 -61.598012121499714 6.551970177037983 602.6094110010789 -62.803092703165944 6.5236808559007144
0.6303007518796993 563.3445602696906 -61.02563905083781 6.587623797218313 588.2658864559191 -62.22677523244646 6.560119317949855
0.6352631578947369 549.6459811646921 -60.44206885186005 6.622694102640127 574.0139282264894 -61.63871193512867 6.595963023374108
0.6402255639097745 536.0439958147308 -59.84754832387377 6.657184536682689 559.8589313600131 -61.03916082854321 6.631215345829858
0.6451879699248121 522.5434461753302 -59.24232064929046 6.691098579309973 545.8061204762722 -60.42837624582792 6.665879705609491
0.6501503759398497 509.1490193383738 -58.626625399289594 6.724439741390059 531.8605539587547 -59.806608833643615 6.699959563423993
0.6551127819548873 495.8652514725086 -58.000698543894465 6.757211559270166 518.0271281019095 -59.17410555495031 6.733458414458366
0.6600751879699249 482.6965317113689 -57.36477246615982 6.789417589597191 504.31058121076137 -58.53110969654266 6.766379782691331
0.6650375939849624 469.6471059868849 -56.71907598020892 6.82106140437595 490.71549764868234 -57.877860881002405 6.798727215469315
0.67 456.72108080509497 -56.063834352855686 6.852146586256152 477.24631183089696 -57.214595082828694 6.830504278326806
0.6749624060150377 443.9224269622128 -55.3992693285647 6.88267672403976 463.9073121601686 -56.541544648429806 6.861714550043423
0.6799248120300753 431.25498319898 -54.72559915751266 6.912655408400035 450.70264490241215 -55.85893831973467 6.892361617929855
0.6848872180451129 418.7224597916648 -54.043038626538404 6.942086227805765 437.6363179998838 -55.16700126117072 6.922449073334229
0.6898496240601505 406.3284420781042 -53.35179909275373 6.970972764640587 424.71220481993873 -54.465955089767384 6.9519805073600125
0.694812030075188 394.07639391767844 -52.65208851963201 6.9993185915118925 411.93404783768267 -53.756017908168346 6.9809595067886026
0.6997744360902256 381.9696610840715 -51.9441115153731 7.027127267740557 399.30546225094554 -53.03740434032968 7.009389650197441
0.7047368421052632 370.01147459001334 -51.228069373370424 7.054402336024659 386.82993952640834 -52.31032556971257 7.037274504267348
0.7096992481203008 358.2049539433395 -50.5041601146133 7.0811473192706025 374.5108508757579 -51.574989379770706 7.064617620270568
0.7146616541353384 346.55311033379724 -49.77257853185766 7.107365717583969 362.3514506610711 -50.83160019655961 7.091422530733299
0.719624060150376 335.0588497503018 -49.03351623542126 7.133061005414167 350.3548797286744 -50.08035913328685 7.117692746264361
0.7245864661654136 323.72497602837063 -48.287161700457006 7.158236628846074 338.52416867108076 -49.321464036656266 7.1434317525449496
0.7295488721804512 312.55419382765365 -47.533700315571735 7.182896003032573 326.86224101651726 -48.55510953483913 7.168643007471052
0.7345112781954888 301.5491115396045 -46.77331443266782 7.207042509762226 315.3719163459342 -47.781487086940565 7.193329938443345
0.7394736842105264 290.71224412535486 -46.006183417882205 7.230679495155525 304.05591333733696 -47.00078503381999 7.217495939797757
0.744436090225564 280.0460158840758 -45.23248370351901 7.253810267484821 292.91685273751096 -46.21318865014288 7.241144370371032
0.7493984962406016 269.5527631520995 -44.452388840867954 7.276438095112043 281.9572602612469 -45.41888019754035 7.264278551194886
0.7543609022556391 259.2347369332007 -43.666069553812015 7.298566204539087 271.1795694183305 -44.61803897877025 7.286901763313801
0.7593233082706767 249.094105460492 -42.87369379313368 7.320197778565788 260.58612426858895 -43.81084139277027 7.30901724572044
0.7642857142857143 239.13295669045863 -42.075426791433486 7.34133595455035 250.17918210542794 -42.99746099050874 7.330628193403747
0.769248120300752 229.35330072971567 -41.271431118583784 7.361983822767901 239.96091606831357 -42.17806853153949 7.35173775550435
0.7742105263157896 219.757072195107 -40.46186673764096 7.382144424862096 229.93341768474357 -41.35283204117606 7.372349033572641
0.7791729323308272 210.34613250783156 -39.64689106115 7.401820752385786 220.09869934231986 -40.521916868206844 7.392465079924651
0.7841353383458647 201.1222721223063 -38.826659007776634 7.421015745426314 210.45869669153774 -39.685485743073926 7.412088896090887
0.7890977443609023 192.0872126905092 -38.00132305920816 7.4397322913113735 201.0152709800238 -38.843698836451594 7.431223431354465
0.7940601503759399 183.2426091625775 -37.17103331726803 7.457973223391493 191.7702113189175 -37.996713818155825 7.449871581373239
0.7990225563909775 174.5900518244663 -36.33593756119521 7.475741319895398 182.72523688218374 -37.14468591633002 7.4680361868828955
0.8039849624060151 166.13106827347377 -35.49618130504077 7.4930393028546805 173.88199903963311 -36.28776797684952 7.48572003247627
0.8089473684210527 157.86712533247555 -34.65190785514024 7.509869837094169 165.242083424471 -35.426110522896764 7.5029258454557155
0.8139097744360902 149.79963090370484 -33.803258367621794 7.526235529284598 156.8070119362043 -34.55986181465943 7.519656294754347
0.8188721804511279 141.929935762941 -32.9503719059173 7.54213892705479 148.57824467976118 -33.6891679091117 7.5359139899232455
0.8238345864661655 134.25933529495143 -32.09338549824096 7.557582518159558 140.55718184166932 -32.814172719837565 7.551701480180783
0.8287969924812031 126.7890711710572 -31.232434195009542 7.572568729701083 132.7451655041677 -31.935018076863017 7.56702125352116
0.8337593984962407 119.520332969674 -30.36765112617623 7.587099927400464 125.14348139811435 -31.0518437864646 7.5818757358790165
0.8387218045112783 112.45425974068654 -29.49916755845587 7.601178414916959 117.7533605955684 -30.164787690926698 7.59626729034709
0.8436842105263158 105.59194151450528 -28.627112952420582 7.61480643321231 110.5759811429006 -29.27398572822054 7.610198216444228
0.8486466165413534 98.93442075664375 -27.75161501944709 7.627986159957487 103.6124696353091 -28.37957199158385 7.623670749430997
0.853609022556391 92.4826937686534 -26.872799778501175 7.6407197089798 96.86390273358234 -27.481678788979224 7.636687059670199
0.8585714285714287 86.23771203622749 -25.99079161274403 7.653009129747805 90.33130862396773 -26.58043670241554 7.649249252030151
0.8635338345864663 80.20038352528698 -25.10571332595026 7.664856406892093 84.0156684219682 -25.675974647115293 7.661359365327987
0.8684962406015039 74.371573926834 -24.217686198727367 7.676263459759771 77.9179175208945 -24.768419930515677 7.6730193718110025
0.8734586466165414 68.7521078513461 -23.326830044528414 7.687232142000665 72.0389468859882 -23.857898311094516 7.6842311766738405
0.878421052631579 63.342769973469814 -22.433263265452815 7.6977642411834575 66.37960429486276 -22.94453405700517 7.694996617609407
0.8833834586466166 58.14430612774918 -21.537102907830516 7.707861478440002 60.94069552509592 -22.028450004523368 7.705317464391699
0.8883458646616542 53.15742435610188 -20.638464717585983 7.717525508135933 55.72298548967005 -21.109767616292512 7.715195418488625
0.8933082706766918 48.38279590774167 -19.73746319538172 7.72675791756631 50.72719932101438 -20.18860703936714 7.724632112703049
0.8982706766917294 43.82105619221537 -18.834211651540137 7.735560226674424 45.95402340434815 -19.265087163051778 7.7336291108405355
0.9032330827067669 39.47280568620744 -17.92882226074586 7.743933887792577 41.40410636101258 -18.339325676534653 7.742187907402057
0.9081954887218046 35.33861079473294 -17.021406116530088 7.751880285403407 37.078059982444984 -17.41143912631626 7.750309927300281
0.9131578947368422 31.419004667322653 -16.112073285541044 7.759400735920438 32.976460115435486 -16.481542973435694 7.757996525598019
0.9181203007518798 27.714487969772843 -15.200932861604695 7.7664964874867035 29.099847499267792 -15.549751650496809 7.765248987267553
0.9230827067669174 24.22552961200942 -14.288093019581083 7.773168719790267 25.448728555328735 -14.616178618498772 7.772068526969486
0.928045112781955 20.952567432590676 -13.373661069023255 7.779418543895687 22.023576129739908 -13.680936423476506 7.7784562888501085
0.9330075187969925 17.896008840341104 -12.457743507644972 7.7852470020902445 18.824830189535632 -12.744136752956488 7.78441334635607
0.9379699248120301 15.056231413588362 -11.540446074606244 7.790655067744187 15.852898472886578 -11.805890492235687 7.789940702065431
0.9429323308270677 12.433583457441335 -10.621873803624474 7.795643645184057 13.108157093835008 -10.866307780490867 7.795039287534064
0.9478947368421053 10.028384519523389 -9.702131075921113 7.800213569578259 10.590951101981634 -9.925498066727123 7.799709963156613
0.952857142857143 7.840925864543787 -8.781321673013151 7.80436560683425 8.301594997532547 -8.983570165574935 7.80395351804119
0.9578195488721806 5.871470908064759 -7.8595488293606754 7.808100453506588 6.2403732020849905 -8.04063231294569 7.807770669896991
0.9627819548872181 4.120255609789835 -6.936915284880749 7.811418736715223 4.407540485499016 -7.096792221555754 7.811162064934315
0.9677443609022557 2.587488826670147 -6.013523337339258 7.814321014073575 2.8033223491737216 -6.152157136330553 7.814128277776186
0.9727067669172933 1.2733526261000994 -5.089474894632861 7.81680777362577 1.4279153660132184 -5.206833889700222 7.816669811381265
0.9776691729323309 0.17800255943754784 -4.164871526972297 7.818879433792732 0.28148747733715984 -4.26092895679768 7.818787096977318
0.9826315789473685 -0.6984321039383687 -3.2398145189808494 7.820536343326609 -0.6358217530400145 -3.314548510572833 7.820480494005048
0.9875939849624061 -1.355848181855291 -2.314404921719195 7.821778781273371 -1.3239009273703661 -2.367798476834034 7.82175029007179
0.9925563909774437 -1.7941684237095994 -1.3887436046508423 7.822606956943133 -1.7826666450136404 -1.4207845892304616 7.82259670091484
0.9975187969924812 -2.013341393842741 -0.4629313075606061 7.823021009888132 -2.0120633758302593 -0.4736124441880603 7.823019870374125
1.0024812030075188 -2.0133413938427407 0.4629313075606089 7.823021009888134 -2.0120633758302913 0.47361244418802795 7.823019870374125
1.0074436090225565 -1.7941684237095885 1.3887436046508732 7.8226069569431305 -1.7826666450136173 1.4207845892305264 7.822596700914837
1.012406015037594 -1.3558481818552872 2.314404921719201 7.821778781273371 -1.3239009273703695 2.367798476834028 7.82175029007179
1.0173684210526317 -0.698432103938347 3.2398145189808747 7.820536343326609 -0.6358217530399473 3.314548510572861 7.820480494005048
1.0223308270676692 0.17800255943758114 4.164871526972343 7.818879433792732 0.2814874773371414 4.260928956797663 7.818787096977317
1.027293233082707 1.2733526261001256 5.089474894632891 7.816807773625769 1.427915366013207 5.2068338897002135 7.816669811381265
1.0322556390977444 2.5874888266701923 6.013523337339296 7.814321014073574 2.803322349173764 6.15215713633058 7.814128277776189
1.0372180451127821 4.1202556097898775 6.936915284880781 7.8114187367152255 4.407540485499152 7.096792221555814 7.8111620649343125
1.0421804511278197 5.8714709080648095 7.859548829360701 7.808100453506588 6.2403732020850065 8.040632312945714 7.807770669896996
1.0471428571428572 7.840925864543808 8.78132167301316 7.80436560683425 8.301594997532648 8.983570165574985 7.803953518041188
1.0521052631578949 10.028384519523485 9.702131075921152 7.800213569578254 10.590951101981641 9.925498066727119 7.799709963156613
1.0570676691729324 12.433583457441406 10.621873803624503 7.795643645184052 13.10815709383492 10.866307780490828 7.79503928753406
1.06203007518797 15.056231413588495 11.540446074606287 7.79065506774419 15.852898472886633 11.805890492235703 7.789940702065431
1.0669924812030076 17.896008840341107 12.457743507644977 7.7852470020902445 18.82483018953574 12.74413675295652 7.784413346356072
1.071954887218045 20.952567432590733 13.37366106902327 7.779418543895687 22.023576129739904 13.6809364234765 7.778456288850103
1.0769172932330828 24.2255296120097 14.288093019581149 7.773168719790267 25.448728555329016 14.616178618498852 7.772068526969486
1.0818796992481203 27.714487969772925 15.20093286160471 7.766496487486698 29.09984749926763 15.549751650496765 7.765248987267552
1.086842105263158 31.419004667322906 16.112073285541115 7.75940073592044 32.976460115435614 16.481542973435715 7.757996525598017
1.0918045112781956 35.33861079473293 17.021406116530084 7.751880285403406 37.078059982444685 17.411439126316193 7.750309927300279
1.0967669172932333 39.47280568620762 17.928822260745903 7.743933887792577 41.40410636101239 18.339325676534607 7.742187907402057
1.1017293233082708 43.82105619221549 18.834211651540162 7.735560226674421 45.95402340434788 19.265087163051724 7.733629110840537
1.1066917293233083 48.38279590774168 19.73746319538172 7.72675791756631 50.727199321014496 20.18860703936716 7.724632112703048
1.111654135338346 53.15742435610213 20.638464717586025 7.717525508135933 55.722985489670435 21.10976761629258 7.715195418488624
1.1166165413533835 58.1443061277493 21.537102907830533 7.707861478439999 60.940695525095926 22.028450004523382 7.705317464391706
1.1215789473684212 63.34276997347001 22.43326326545286 7.697764241183465 66.37960429486307 22.944534057005214 7.694996617609405
1.1265413533834587 68.75210785134632 23.326830044528453 7.687232142000668 72.03894688598855 23.85789831109458 7.684231176673842
1.1315037593984962 74.37157392683426 24.21768619872742 7.676263459759778 77.91791752089452 24.76841993051568 7.673019371811007
1.136466165413534 80.20038352528755 25.105713325950358 7.664856406892104 84.01566842196826 25.67597464711529 7.661359365327984
1.1414285714285715 86.2377120362274 25.990791612744 7.653009129747796 90.33130862396789 26.580436702415568 7.649249252030154
1.1463909774436092 92.4826937686536 26.872799778501207 7.640719708979799 96.86390273358279 27.48167878897927 7.636687059670194
1.1513533834586467 98.9344207566438 27.751615019447094 7.627986159957487 103.61246963530908 28.379571991583838 7.623670749430991
1.1563157894736844 105.59194151450555 28.627112952420635 7.6148064332123155 110.57598114290134 29.273985728220648 7.610198216444236
1.161278195488722 112.45425974068685 29.499167558455927 7.6011784149169666 117.7533605955688 30.164787690926754 7.596267290347093
1.1662406015037594 119.52033296967385 30.367651126176185 7.587099927400448 125.14348139811449 31.051843786464598 7.581875735879007
1.1712030075187971 126.78907117105729 31.232434195009525 7.572568729701073 132.7451655041678 31.935018076863027 7.56702125352116
1.1761654135338346 134.25933529495157 32.09338549824097 7.557582518159553 140.5571818416696 32.81417271983757 7.5517014801807765
1.1811278195488724 141.92993576294162 32.95037190591738 7.542138927054793 148.5782446797616 33.689167909111724 7.535913989923235
1.1860902255639099 149.79963090370552 33.80325836762191 7.526235529284613 156.8070119362044 34.55986181465943 7.519656294754342
1.1910526315789474 157.8671253324756 34.65190785514022 7.5098698370941595 165.2420834244705 35.42611052289671 7.5029258454557155
1.196015037593985 166.1310682734744 35.496181305040864 7.493039302854692 173.88199903963348 36.28776797684958 7.485720032476277
1.2009774436090226 174.59005182446617 36.33593756119519 7.475741319895393 182.72523688218433 37.144685916330076 7.468036186882895
1.2059398496240603 183.24260916257776 37.171033317268055 7.4579732233914875 191.77021131891797 37.99671381815588 7.449871581373248
1.2109022556390978 192.08721269050938 38.00132305920819 7.439732291311376 201.01527098002364 38.843698836451566 7.431223431354465
1.2158646616541355 201.12227212230673 38.82665900777667 7.421015745426314 210.45869669153853 39.68548574307403 7.412088896090898
1.220827067669173 210.34613250783175 39.64689106114998 7.4018207523857775 220.09869934230426 40.521916868205324 7.392465079924618
1.2257894736842105 219.757072195107 40.46186673764096 7.382144424862092 229.93341768473496 41.35283204117523 7.372349033572626
1.2307518796992483 229.3533007297168 41.27143111858391 7.3619838227679155 239.96091606831007 42.178068531539196 7.351737755504353
1.2357142857142858 239.13295669045928 42.075426791433564 7.341335954550358 250.17918210542686 42.9974609905086 7.330628193403734
1.2406766917293235 249.09410546049205 42.87369379313365 7.320197778565774 260.58612426858843 43.8108413927702 7.309017245720434
1.245639097744361 259.23473693320096 43.66606955381205 7.298566204539091 271.1795694183312 44.61803897877031 7.2869017633138
1.2506015037593985 269.5527631520998 44.452388840867975 7.2764380951120415 281.95726026125357 45.41888019754087 7.264278551194884
1.2555639097744362 280.04601588407667 45.232483703519115 7.25381026748483 292.9168527375117 46.213188650142946 7.241144370371035
1.2605263157894737 290.7122441253555 46.00618341788229 7.230679495155536 304.0559133373366 47.00078503381996 7.217495939797747
1.2654887218045114 301.549111539606 46.77331443266796 7.207042509762233 315.371916345934 47.78148708694051 7.1933299384433305
1.270451127819549 312.5541938276536 47.5337003155717 7.182896003032561 326.8622410165175 48.55510953483912 7.168643007471045
1.2754135338345867 323.72497602836904 48.28716170045682 7.1582366288460495 338.5241686710808 49.321464036656266 7.143431752544947
1.2803759398496242 335.0588497503028 49.03351623542138 7.133061005414178 350.3548797286766 50.08035913328707 7.117692746264383
1.2853383458646617 346.5531103337977 49.77257853185772 7.107365717583979 362.35145066106975 50.83160019655944 7.091422530733279
1.2903007518796994 358.20495394333955 50.504160114613285 7.081147319270595 374.51085087575905 51.57498937977077 7.0646176202705675
1.295263157894737 370.01147459001425 51.22806937337047 7.054402336024655 386.829939526409 52.31032556971264 7.037274504267353
1.3002255639097746 381.9696610840718 51.944111515373095 7.027127267740551 399.3054622509455 53.03740434032962 7.009389650197424
1.3051879699248121 394.07639391767844 52.65208851963201 6.9993185915118925 411.9340478376855 53.7560179081686 6.980959506788619
1.3101503759398498 406.3284420781081 53.351799092754156 6.970972764640633 424.7122048199419 54.46595508976768 6.951980507360031
1.3151127819548873 418.7224597916654 54.043038626538426 6.942086227805765 437.6363179998826 55.167001261170604 6.922449073334215
1.3200751879699248 431.254983198981 54.72559915751276 6.9126554084000436 450.702644902412 55.85893831973467 6.8923616179298595
1.3250375939849626 443.9224269622099 55.399269328564294 6.882676724039701 463.9073121601708 56.541544648429976 6.861714550043435
1.33 456.7210808050972 56.063834352855906 6.852146586256176 477.2463118308956 57.214595082828545 6.830504278326792
1.3349624060150378 469.6471059868866 56.71907598020906 6.821061404375958 490.71549764868513 57.877860881002725 6.798727215469353
1.3399248120300753 482.6965317113688 57.36477246615979 6.789417589597182 504.3105812107603 58.53110969654247 6.7663797826913035
1.3448872180451128 495.8652514725088 58.00069854389449 6.757211559270166 518.0271281019095 59.1741055549503 6.7334584144583625
1.3498496240601505 509.1490193383729 58.626625399289445 6.724439741390036 531.8605539587556 59.80660883364369 6.699959563424
1.354812030075188 522.5434461753291 59.24232064929033 6.691098579309956 545.8061204762721 60.428376245827835 6.665879705609477
1.3597744360902257 536.0439958147306 59.847548323873674 6.657184536682671 559.858931360013 61.03916082854321 6.631215345829859
1.3647368421052632 549.6459811646921 60.44206885186004 6.622694102640127 574.0139282264888 61.63871193512862 6.5959630233740985
1.369699248120301 563.3445602696895 61.02563905083766 6.5876237972183 588.2658864559172 62.22677523244622 6.560119317949831
1.3746616541353385 577.134732321311 61.59801212149955 6.55197017703796 602.6094110010782 62.80309270316583 6.5236808559007
1.379624060150376 591.0113336235539 62.15893764667841 6.515729841248632 617.0389321566901 63.36740265344389 6.486644316705936
1.3845864661654137 604.9690335167289 62.70816159540992 6.478899437746532 631.5487012942218 63.91943972635244 6.449006439771953
1.3895488721804512 619.002330264223 63.245426332345865 6.441475669674995 646.1327865674006 64.45893492141721 6.410764031524982
1.394511278195489 633.1055469068801 63.77047063286287 6.403455302216704 660.785068594249 64.98561562064873 6.371913972814647
1.3994736842105264 647.2728270903175 64.28302970423812 6.36483516968833 675.4992361219659 65.49920562146265 6.332453226637879
1.404436090225564 661.4981308707552 64.78283521325703 6.325612182945936 690.2687816815974 65.9994251769087 6.292378846193264
1.4093984962406017 675.7752305056638 65.26961532065575 6.285783337111587 705.0869972398318 66.48599104363146 6.251687983274935
1.4143609022556392 690.0977062359932 65.74309472281008 6.245345719631082 719.946969856425 66.95861653803561 6.21037789701644
1.4193233082706769 704.4589420673682 66.20299470110177 6.204296518672462 734.8415773551988 67.41701160108069 6.168445962993097
1.4242857142857144 718.8521215580412 66.64903317939657 6.162633031874238 749.7634840190173 67.86088287224356 6.125889682693666
1.429248120300752 733.2702236224479 67.08092479011975 6.12035267545472 764.7051363182487 68.28993377311826 6.082706693369919
1.4342105263157896 747.7060183594119 67.4983809493926 6.077452993690567 779.6587586838538 68.70386460118765 6.038894778273545
1.439172932330827 762.152062915126 67.9011099417439 6.033931668775017 794.6163493367662 69.10237263430412 5.994451877289064
1.4441353383458648 776.6006973915679 68.2888170149106 5.9897865310648815 809.5696761862392 69.48515224645256 5.9493760979729
1.4490977443609023 791.0440408118812 68.6612044852679 5.945015569725599 824.5102728103932 69.85189503535496 5.9036657270050945
1.45406015037594 805.4739871550655 69.01797185444607 5.899616943783247 839.429434533541 70.20228996253617 5.857319242064026
1.4590225563909776 819.8822014731568 69.35881593771086 5.853588993592437 854.318214615231 70.53602350643594 5.810335324129103
1.463984962406015 834.2601161049321 69.68343100469511 5.806930252727782 869.1674205677275 70.85277982923634 5.762712870221778
1.4689473684210528 848.5989270013918 69.99150893311473 5.7596394603085415 883.9676106188922 71.15224095802701 5.714451006589229
1.4739097744360903 862.8895901786052 70.28273937606471 5.7117155737612 898.7090903390435 71.43408698099007 5.6655491023379625
1.478872180451128 877.1228183154703 70.55680994358625 5.663157782030216 913.3819094511011 71.69799625927358 5.616006783521591
1.4838345864661655 891.2890775139585 70.81340639913066 5.613965519240226 927.9758588449827 71.94364565527789 5.565823947689407
1.4887969924812032 905.3785842414086 71.0522128716318 5.564138478817643 942.4804678177652 72.17071077804106 5.515000778897225
1.4937593984962407 919.3813024749923 71.27291208387165 5.513676628075665 956.8850015627397 72.37886624645772 5.463537763184194
1.4987218045112782 933.2869410698547 71.4751855978506 5.462580223266409 971.1784589319141 72.56778597108435 5.411435704518
1.503684210526316 947.0849513737526 71.65871407790081 5.410849825104494 985.3495704972502 72.73714345525744 5.358695741207693
1.5086466165413535 960.7645251119784 71.82317757226768 5.358486314762866 999.3867969378543 72.88661211629989 5.305319362784346
1.5136090225563912 974.3145925679687 71.96825581392253 5.305490910342798 1013.2783277812384 73.01586562756816 5.251308427346814
1.5185714285714287 987.7238210860867 72.0936285413614 5.251865183817436 1027.0120805284841 73.1245782821203 5.196665179369586
1.5235338345864662 1000.9806139244813 72.19897584015807 5.1976110784470935 1040.5757001944717 73.21242537877741 5.141392267967316
1.528496240601504 1014.0731094875068 72.2839785060581 5.142730926664131 1053.9565592954075 73.2790836313357 5.085492765608246
1.5334586466165414 1026.9891809680407 72.34831843036656 5.0872274684207754 1067.141758318075 73.32423160172266 5.028970187268805
1.5384210526315791 1039.7164364323844 72.39167900844771 5.031103869996191 1080.1181267059073 73.34755015784289 4.971828510017481
1.5433834586466166 1052.2422193808047 72.41374557207743 4.97436374325169 1092.87222439924 73.34872295689449 4.914072193016203
1.5483458646616544 1064.5536098192822 72.41420584645759 4.917011165326215 1105.3903439675087 73.32743695485902 4.855706197921279
1.5533082706766919 1076.6374258786732 72.3927504326372 4.85905069875798 1117.6585133740537 73.28338294294323 4.796736009669201
1.5582706766917294 1088.4802260194651 72.34907331610614 4.800487412018068 1129.6624994141891 73.21625611163546 4.737167657623879
1.563233082706767 1100.0683118617148 72.28287240230851 4.741326900439018 1141.3878118697912 73.12575664308922 4.677007737063915
1.5681954887218046 1111.3877316812047 72.19385007980323 4.6815753075188145 1152.8197084243714 73.01159033247146 4.616263430982599
1.5731578947368423 1122.4242846140735 72.08171381175566 4.621239346576357 1163.9432003841976 72.87346923889311 4.5549425321712445
1.5781203007518798 1133.1635256142345 71.94617675646342 4.560326322734846 1174.743059252945 72.71111236652527 4.493053465554192
1.5830827067669173 1143.5907712085325 71.78695841752929 4.498844155202438 1185.203824206013 72.52424637635238 4.430605310737272
1.588045112781955 1153.691106096962 71.60378532432594 4.436801399820903 1195.3098105181703 72.31260632919489 4.36760782473261
1.5930075187969925 1163.4493906452435 71.39639174326166 4.374207271843524 1205.0451189899381 72.07593646024026 4.304071464813555
1.5979699248120303 1172.8502693199134 71.16452042041291 4.311071668906721 1214.393646428216 71.81399098558234 4.240007411455032
1.6029323308270678 1181.8781801160667 70.9079233559508 4.247405194150803 1223.3390972315747 71.52653494095762 4.175427591304395
1.6078947368421055 1190.517365029561 70.62636261076389 4.183219179443612 1231.8649961349938 71.21334505295917 4.110344700131192
1.612857142857143 1198.7518816265842 70.31961114561284 4.118525708656986 1239.9547021672565 70.87421064279022 4.044772225692435
1.6178195488721805 1206.565615764258 69.98745369306425 4.053337640940754 1247.5914238759306 70.50893456259311 3.9787244704496154
1.6227819548872182 1213.9422955167347 69.62968766236759 3.9876686339348746 1254.758235875429 70.11733416430681 3.9122165740708525
1.6277443609022557 1220.865506362376 69.24612407737087 3.92153316685692 1261.4380967743014 69.69924230084374 3.8452645356398882
1.6327067669172934 1227.318707687633 68.83658854744107 3.8549465633956688 1267.61386853383 69.25450835921731 3.777885235497518
1.637669172932331 1233.2852506640952 68.40092227127573 3.7879250143386565 1273.2683373184414 68.7829993253128 3.710096456630094
1.6426315789473687 1238.748397555366 67.9389830733694 3.7204855998557536 1278.3842358893562 68.2846008796329 3.6419169055176277
1.6475939849624062 1243.6913425099838 67.4506464727506 3.652646311355023 1282.9442675971354 67.7592185233303 3.573366232347742
1.6525563909774437 1248.0972338977708 66.93580678354425 3.584426072825695 1286.931132027726 67.2067787337055 3.5044650504997947
1.6575187969924814 1251.9491982456875 66.39437824671575 3.5158447615748756 1290.3275523530147 66.62723014805326 3.4352349551918566
1.662481203007519 1255.2303658283172 65.82629619218687 3.446923228258619 1293.116304440301 66.02054477481494 3.36569854119046
1.6674436090225566 1257.9238979695215 65.23151823047402 3.377683316109254 1295.2802477680066 65.38671923052607 3.2958794194634167
1.6724060150375941 1260.0130161086254 64.61002547271269 3.3081478792490344 1296.8023581983166 64.72577600113792 3.2258022326653624
1.6773684210526316 1261.481032684298 63.96182377782077 3.2383407999786487 1297.665762652076 64.03776472592651 3.155492669332003
1.6823308270676693 1262.311383888834 63.28694502542268 3.168287004926584 1297.8537757308814 63.322763502112 3.084977476660253
1.6872932330827068 1262.4876643422767 62.58544841288966 3.098012479936346 1297.3499383277122 62.58088020805374 3.0142844717442494
1.6922556390977446 1261.9936637354572 61.857421774742846 3.0275442835682207 1296.138058265944 61.812253842757514 2.9434425511375046
1.697218045112782 1260.8134054885127 61.102982922449684 2.956910559086773 1294.2022530028053 61.01705587917925 2.8724816986053243
1.7021804511278198 1258.9311874699179 60.32228100248372 2.886140544802951 1291.5269944306365 60.19549162863407 2.801432990930139
1.7071428571428573 1256.331624816814 59.51549787023646 2.815264582632236 1288.097155805919 59.34780161342002 2.7303286016306885
1.7121052631578948 1252.9996948989747 58.682849477372 2.7443141247364418 1283.8980608338024 58.47426294461229 2.6592018024553163
1.7170676691729325 1248.920784462237 57.824587269830545 2.673321738104992 1278.9155349302155 57.575190701702525 2.5880869625050353
1.72203007518797 1244.080738986754 56.940999593609405 2.6023211069348187 1273.135958683757 56.65093931072923 2.5170195448482033
1.7269924812030077 1238.465914293096 56.032413105275936 2.5313470326667216 1266.5463235328461 55.70190391722434 2.4460361004821203
1.7319548872180452 1232.0632304264227 55.099194183984594 2.4604354315349513 1259.1342896725218 54.72852175023752 2.3751742595023964
1.7369172932330827 1224.8602278474282 54.14175034164268 2.389623329487943 1250.8882462039655 53.73127347362336 2.3044727193453576
1.7418796992481205 1216.8451259557241 53.16053162767781 2.3189488543368784 1241.7973735324776 52.710684520437326 2.233971229961928
1.746842105263158 1208.0068839720107 52.156032024835156 2.248451224994871 1231.851708025708 51.66732640654445 2.1637105758008772
1.7518045112781957 1198.335264202853 51.12879083226005 2.1781707376687436 1221.0422089339072 50.60181801908317 2.093732554466842
1.7567669172932332 1187.8208977133727 50.0793940321135 2.10814874887208 1209.3608275855913 49.51482687585809 2.0240799519427286
1.761729323308271 1176.4553524334387 49.0084756359054 2.0384276551316014 1196.800578853593 48.407070351113475 1.9547965142546553
1.7666917293233084 1164.231203725747 47.916719006751634 1.9690508692658235 1183.355614922858 47.27931686409761 1.8859269154830849
1.771654135338346 1151.1421074476748 46.804858153793816 1.9000627931214567 1169.021301353352 46.13238702589854 1.8175167220209545
1.7766165413533836 1137.1828755458073 45.673678995169325 1.8315087866634223 1153.7942954750924 44.96715474105412 1.7496123529979049
1.7815789473684212 1122.3495542290057 44.524020586027746 1.7634351333219769 1137.672627137803 43.784548260061456 1.6822610367934274
1.7865413533834589 1106.63950477638 43.35677630829224 1.695889001510404 1120.6557818718402 42.58555117979836 1.6155107635870891
1.7915037593984964 1090.0514870537872 42.172895019292184 1.6289184022444112 1102.7447865005743 41.37120338839907 1.5494102338927953
1.7964661654135339 1072.5857458272694 40.973382156618584 1.5625721428010024 1083.942297307528 40.1426019525814 1.4840088030519045
1.8014285714285716 1054.2440999870296 39.75930079712941 1.496899776373586 1064.2526908533264 38.90090194523219 1.41935642167023
1.806390977443609 1035.0300348233122 38.53177266857426 1.4319515476937235 1043.6821575861632 37.6473172120443 1.355503572000463
1.8113533834586468 1014.9487975355914 37.291979113180844 1.3677783346135044 1022.2387984283159 36.383121076829184 1.2925012002939624
1.8163157894736843 994.0074961913015 36.04116200306197 1.3044315856473951 999.9327245671484 35.10964698594637 1.2304006451588922
1.821278195488722 972.2152024165225 34.780624608786695 1.2419632535096643 976.7761607435514 33.82828909356823 1.1692535619871571
1.8262406015037596 949.5830581568625 33.51173242329793 1.1804257246894445 952.7835524000002 32.54050279066524 1.1091118435268943
1.831203007518797 926.1243869325281 32.23591394499982 1.1198717451348277 927.9716771417297 31.247805182199784 1.0500275366995713
1.8361654135338348 901.8548101090892 30.954661425533743 1.0603543421395187 902.3597610745946 29.95177551890839 0.9920527557853612
1.8411278195488723 876.7923688226056 29.66953158968886 1.0019267425458693 875.9696007067814 28.65405559183972 0.9352395921081182
1.84609022556391 850.957652342473 28.382146337265112 0.944642287402317 848.825691270833 27.3563501006534 0.8796400203858425
1.8510526315789475 824.37393383993 27.09419343975901 0.8885543432463194 820.9553625070857 26.060427009215402 0.8253058019180225
1.856015037593985 797.0673147320231 25.807427247563965 0.8337162101908527 792.3889231921148 24.768117905584234 0.7722883848042035
1.8609774436090227 769.0668790558047 24.523669427986988 0.7801810270398969 763.1598159814494 23.481318387378337 0.7206388014004403
1.8659398496240602 740.4048596357316 23.244809758457166 0.7280016736600221 733.3047845002202 22.2019884983942 0.6704075632334796
1.870902255639098 711.1168182331548 21.972807005669836 0.6772306708814734 702.8640550366672 20.93215324769841 0.6216445535990449
1.8758646616541355 681.2418423562049 20.70968992777972 0.6279200782069552 671.8815357887088 19.673903249977116 0.5743989180738277
1.8808270676691732 650.8227620561902 19.45755844563729 0.5801213896423386 640.4050372367492 18.429395533260447 0.5287189531678724
1.8857894736842107 619.9063908339012 18.21858503932623 0.5338854279779615 608.4865181712321 17.200854571770776 0.48465199333765696
1.8907518796992482 588.543795804344 16.99501643934707 0.4892622378707566 576.1823629235005 15.99057361285287 0.44224429654690073
1.895714285714286 556.7906035860633 15.789175698210897 0.44630097809444413 543.5536968779998 14.80091638468042 0.4015409285403493
1.9006766917293234 524.7073500944462 14.603464749165084 0.40504981334071505 510.66674913947463 13.634319290750739 0.36258564593463183
1.9056390977443611 492.35988466186427 13.440367585559727 0.36555580595928916 477.5932737127587 12.493294223924522 0.32542077814850734
1.9106015037593986 459.8198419050568 12.30245422972763 0.32786480803359075 444.4110438308271 11.380432167401239 0.2900871080892481
1.9155639097744361 427.1651987967307 11.192385706963648 0.2920213541861732 411.2044384828805 10.298407795410128 0.25662375134199067
1.9205263157894739 394.48093991279165 10.112920302743419 0.25806855548595087 378.06514627948854 9.249985348043197 0.2250680333794032
1.9254887218045114 361.85986152933765 9.066921467744066 0.22604799480964505 345.09302027956073 8.238026138906093 0.19545536397453134
1.930451127819549 329.4035561311939 8.057367854832194 0.19599962394329867 312.39712950437024 7.2654981721836975 0.16781910751367235
1.9354135338345866 297.2236346908212 7.08736614350903 0.16796166262792883 280.0970703759049 6.335488512609572 0.1421904471737392
1.9403759398496243 265.4432674524978 6.160167556050396 0.14197049958796032 248.3246276507598 5.451219298959245 0.11859823984616469
1.9453383458646618 234.19915954456155 5.279189342068776 0.11806059531895603 217.22591432038098 4.616068656388279 0.09706885697219055
1.9503007518796993 203.64413358071033 4.448043082202162 0.0962643859619637 186.96418356529466 3.8335983336970685 0.07762600373874542
1.955263157894737 173.95058215020254 3.6705725762483326 0.07661218678383837 157.72360982421378 3.1075908007627504 0.060290504578325965
1.9602255639097745 145.31520686193107 2.950905599322482 0.05913209229822769 129.714514700805 2.4421000649130065 0.045080035186591275
1.9651879699248123 117.96573448639901 2.2935264538241427 0.04384986718972546 103.18083688887418 1.841523147349335 0.03200876744642518
1.9701503759398498 92.17081905951636 1.7033811260439506 0.030788816252756607 78.41127168655657 1.3107042006249685 0.02108686784995939
1.9751127819548875 68.25539741889952 1.1860365528235661 0.019969608323798127 55.75683003202721 0.8550935635940959 0.012319740318190497
1.980075187969925 46.62615126813034 0.7479366697633623 0.0114099965469876 35.660721234147786 0.48100778636182895 0.005706811302658821
1.9850375939849625 27.817874981024943 0.3968504282726144 0.0051242854847923045 18.715460765422904 0.19610213939779442 0.0012395567146867847
1.99 12.590809833040112 0.14276397031062515 0.0011220822392535486 5.797437707005884 0.010418365376949623 -0.0011002066431042104
