0.01 0.46464734368782956 -0.00593632532547872 6.496731651850496e-05 0.24083043014252326 -0.0015580774573891176 -1.0661879147259393e-05
0.014962406015037594 0.9784749737737002 -0.01480657303739008 0.00021188203748560377 0.6807709692438948 -0.008207734303482539 8.159344538682944e-05
0.01992481203007519 1.6042886772484053 -0.026779023111430433 0.0004334996600405816 1.247652679325256 -0.018049245405336478 0.00024383243359930398
0.024887218045112784 2.317146953289921 -0.04150854208091914 0.000728783986344202 1.9127301889966475 -0.030734637702494183 0.00047599776052464904
0.029849624060150376 3.0995575848537555 -0.05872714598740458 0.0010966689308797108 2.656490076573391 -0.04599706558019534 0.0007777660084353025
0.034812030075187975 3.938330082935863 -0.07821449367429523 0.0015360806688112423 3.4644087679735094 -0.06361741314776737 0.0011486327897050803
0.039774436090225566 4.823051914234384 -0.09978277815628189 0.0020459455258645676 4.325096427943208 -0.08340867929337037 0.0015879788616028159
0.044736842105263165 5.745239922471228 -0.12326791884754584 0.002625193063759449 5.229306637629634 -0.10520715366874356 0.002095108543061978
0.04969924812030076 6.69782182185736 -0.14852396444439364 0.0032727572948350785 6.169345277838147 -0.1288668836157285 0.002669272746639232
0.05466165413533835 7.674797570976807 -0.17541930881543522 0.003987577109666536 7.138690180767298 -0.15425595777878698 0.003309683535910324
0.05962406015037595 8.67100679408395 -0.20383400952630382 0.004768596353028916 8.131732563459082 -0.1812538816641336 0.004015523784036171
0.06458646616541354 9.681962616057717 -0.2336578167881953 0.0056147637537928095 9.143593688117107 -0.20974965202105977 0.004785953855720966
0.06954887218045112 10.703729088803811 -0.2647886806529982 0.006525032790574888 10.169990413021878 -0.23964030013041793 0.005620116397392867
0.07451127819548872 11.732828377836995 -0.29713159273489964 0.007498361546647439 11.207133847237856 -0.2708297619564064 0.00651713987705449
0.07947368421052632 12.766168899044715 -0.330597668452981 0.008533712562690235 12.25165118773657 -0.3032279834289966 0.00747614127083788
0.0844360902255639 13.800988635521207 -0.36510340742745484 0.009630052709437582 13.300524242036772 -0.336750199211167 0.008496228150922509
0.0893984962406015 14.834809682415653 -0.40057008802540395 0.010786353072212762 14.351040270710655 -0.3713163425231869 0.009576500339768756
0.0943609022556391 15.865401286377164 -0.43692326545561855 0.012001588857501133 15.400752093370102 -0.4068505557067965 0.010716051247693295
0.09932330827067669 16.890749407946714 -0.47409235065833855 0.013274739314056205 16.447445303118002 -0.44328077969430524 0.011913968973014258
0.10428571428571429 17.909031382623652 -0.5120102535078104 0.014604787672621928 17.489111008226246 -0.4805384059174571 0.01316933721610051
0.10924812030075189 18.91859461076274 -0.5506130775402198 0.01599072109683893 18.523922948508698 -0.5185579787116126 0.014481236056868832
0.11421052631578947 19.91793848197449 -0.5898398567944696 0.017431530649920052 19.5502181017946 -0.5572769385738638 0.015848742618553992
0.11917293233082707 20.9056989169967 -0.6296323271888582 0.01892621127293855 20.566480115894592 -0.5966353991078677 0.017270931643916278
0.12413533834586467 21.880635048624754 -0.6699347264845983 0.020473761771216438 21.571325046457787 -0.6365759518589584 0.018746875999011554
0.12909774436090227 22.841617672556822 -0.7106936182850632 0.022073184811202868 22.563488999920082 -0.6770434945990473 0.020275647120688706
0.13406015037593985 23.787619169546815 -0.7518577362490646 0.023723486924891308 23.541817357177933 -0.7179850793191349 0.02185631541644284
0.13902255639097746 24.71770466170892 -0.7933778454715252 0.02542367852057007 24.505255319410935 -0.7593497768783095 0.023487950621522202
0.14398496240601505 25.63102421180338 -0.8352066185588569 0.02717277389973797 25.45283957825086 -0.8010885561405416 0.0251696221269763
0.14894736842105266 26.52680590957607 -0.8772985243582525 0.028969791279742196 26.383690928010765 -0.8431541752727867 0.026900399276878297
0.15390977443609025 27.40434971545801 -0.9196097275925013 0.030813752820153674 27.297007696057335 -0.885501083817644 0.02867935164245239
0.15887218045112783 28.263021956654484 -0.9620979980061293 0.03270368465322093 28.192059866631098 -0.9280853339697615 0.030505549275221235
0.16383458646616544 29.10225038601493 -1.0047226277873165 0.03463861691671847 29.068183809666152 -0.9708645000188199 0.03237806294418988
0.16879699248120303 29.92151973325599 -1.0474443563704199 0.036617583792879785 29.924777530273786 -1.0137976048249016 0.03429596435501736
0.1737593984962406 30.720367679778064 -1.090225301533735 0.03863962354536691 30.761296375389065 -1.0568450525940989 0.03625832635674915
0.17872180451127823 31.498381209983563 -1.133028896252597 0.04070377856070451 31.57724914087885 -1.0999685672325654 0.03826422313782747
0.1836842105263158 32.25519329259805 -1.1758198306206964 0.04280909539233353 32.37219452815407 -1.1431311355607932 0.04031273040925498
0.1886466165413534 32.990479850974225 -1.2185639981976237 0.04495462480342619 33.14573791242583 -1.1862969549693503 0.04240292558016989
0.193609022556391 33.703956993847896 -1.261228446474945 0.04713942181438805 33.89752838503955 -1.2294313849717469 0.044533887923940085
0.1985714285714286 34.39537847195243 -1.303781330816605 0.04936254574642618 34.62725603999934 -1.272500902273066 0.04670469873643886
0.20353383458646618 35.06453334306207 -1.3461918717902108 0.0516230602711308 35.33464947957327 -1.3154730590487702 0.048914441489084005
0.2084962406015038 35.7112438182603 -1.3884303153541282 0.05392003345811247 36.019473512100376 -1.3583164439767756 0.05116220197156214
0.21345864661654138 36.33536327168986 -1.4304678956584667 0.056252537821518914 36.68152702877342 -1.4010006460021032 0.05344706843444176
0.21842105263157896 36.936774399780006 -1.472276800307327 0.05861965036913119 37.32064103352968 -1.4434962202869883 0.055768131720536
0.22338345864661657 37.51538751430962 -1.513830137819184 0.061020452652267444 37.93667681813895 -1.4857746564061927 0.05812448539571591
0.22834586466165416 38.071138954084745 -1.5551019069915242 0.06345403081223347 38.52952426450429 -1.527808348436679 0.06051522587341414
0.23330827067669174 38.603989608119264 -1.596066968161324 0.06591947562992573 39.09910026222133 -1.5695705667718585 0.06293945253311979
0.23827067669172936 39.11392353681458 -1.636701016064876 0.06841588257265366 39.64534723433735 -1.611035431646883 0.0653962678384469
0.24323308270676694 39.600946685701274 -1.6769805542999734 0.07094235184398437 40.16823175731042 -1.6521778880632496 0.06788477744808337
0.24819548872180452 40.06508567974106 -1.7168828710958906 0.07349798842938544 40.6677432698325 -1.6929736821146548 0.07040409032488051
0.25315789473684214 40.50638669489945 -1.7563860164385687 0.07608190214433819 41.14389286344158 -1.733399338598474 0.07295331884189693
0.2581203007518797 40.92491439827154 -1.7954687803467664 0.07869320768037842 41.596712142345496 -1.7734321396506516 0.07553157888208517
0.2630827067669173 41.32075095192522 -1.834110672245572 0.08133102465066835 42.02625215723128 -1.8130501046471181 0.07813798994071892
0.2680451127819549 41.69399507586968 -1.8722919013777073 0.08399447763600183 42.43258239587067 -1.8522319708962414 0.0807716752181046
0.27300751879699253 42.04476116437854 -1.9099933581256323 0.08668269622895508 42.815789834113275 -1.8909571753663954 0.08343176171444591
0.2779699248120301 42.373178452698994 -1.9471965962305262 0.08939481507848748 43.17597803860917 -1.9292058372050178 0.086117380319583
0.2829323308270677 42.67939022893552 -1.9838838157803025 0.09212997393198918 43.513266319172544 -1.9669587410744498 0.08882766590152613
0.2878947368421053 42.96355308991497 -2.0200378470100873 0.09488731767928252 43.82778892571605 -2.004197321189338 0.09156175739124942
0.29285714285714287 43.225836234981216 -2.0556421347322384 0.09766599639252385 44.11969428723751 -2.0409036460283687 0.09431879786460702
0.2978195488721805 43.466420798077706 -2.0906807234900953 0.10046516536850447 44.389144291557386 -2.0770604037649036 0.09709793462592842
0.3027819548872181 43.68549921301474 -2.1251382432787977 0.10328398516802413 44.636313598056404 -2.112650888136102 0.09989831928220146
0.30774436090225565 43.88327461062363 -2.158999895841191 0.10612162165456596 44.861388987320424 -2.147658985006558 0.10271910782150209
0.31270676691729327 44.05996024637989 -2.192251441536598 0.10897724603390675 45.06456874109335 -2.18206915939561 0.10555946068674871
0.3176691729323309 44.2157789543171 -2.2248791866437045 0.11185003488945947 45.24606205154214 -2.215866442982815 0.10841854284714239
0.32263157894736844 44.350962628656816 -2.256869971221903 0.11473917022109721 45.406088458300474 -2.249036422078035 0.11129552386775761
0.32759398496240605 44.46575172778557 -2.2882111573221664 0.11764383947833086 45.544877311375785 -2.281565226025208 0.11418957797761682
0.33255639097744366 44.56039480279196 -2.3188906177065007 0.12056323559724072 45.66266725791229 -2.313439515990325 0.1170998841348189
0.3375187969924812 44.635148045706956 -2.3488967248744643 0.12349655703208384 45.759705752398986 -2.3446464741666375 0.12002562609172902
0.34248120300751883 44.69027485913466 -2.3782183405321007 0.12644300778974343 45.83624858733401 -2.3751737932924755 0.122965992456083
0.34744360902255644 44.72604544380283 -2.406844805359299 0.12940179746053815 45.89255944460547 -2.4050096665381773 0.12592017675191394
0.352406015037594 44.742736404433344 -2.4347659291391324 0.13237214124985522 45.928909465115794 -2.434142777678659 0.12888737747707069
0.3573684210526316 44.74063037203996 -2.461971981180767 0.13535326000774478 45.94557683721541 -2.462562291615569 0.13186679816149174
0.3623308270676692 44.720015642086764 -2.4884536810449447 0.1383443802581136 45.94284640112983 -2.4902578451443276 0.1348576474218627
0.3672932330827068 44.681185827706486 -2.5142021895551068 0.14134473422714203 45.92100926927378 -2.5172195379866764 0.13785913901420815
0.3722556390977444 44.624439526648985 -2.539209100056354 0.14435355986989862 45.880362462211906 -2.5434379241140164 0.14087049188692663
0.377218045112782 44.55008000203179 -2.5634664299503243 0.14737010089728858 45.821208558247235 -2.568904003279812 0.14389093023032254
0.38218045112781956 44.458414875372455 -2.5869666124526134 0.15039360680118818 45.74385535697684 -2.5936092128100086 0.14691968352622098
0.3871428571428572 44.349755831798575 -2.6097024885875726 0.1534233328791359 45.64861555513653 -2.6175454195839905 0.14995598659438514
0.3921052631578948 44.22441833651146 -2.6316672993961845 0.15645854025798417 45.535806434763344 -2.64070491223481 0.15299907963813553
0.39706766917293235 44.08272136192318 -2.6528546783421803 0.15949849591609203 45.405749563355585 -2.6630803935732956 0.15604820828992416
0.40203007518796996 43.92498712528504 -2.6732586439296995 0.1625424727054773 45.25877050416193 -2.6846649731552077 0.1591026236528421
0.4069924812030076 43.751540836198274 -2.692873592518282 0.16558974937369914 45.09519853746315 -2.7054521600601333 0.16216158234260072
0.41195488721804513 43.56271045268886 -2.711694291273375 0.168639610582197 44.915366391710904 -2.725435855837816 0.16522434652775547
0.41691729323308274 43.35882644707772 -2.729715871345803 0.1716913469271996 44.7196099839357 -2.744610347607761 0.16829018396803264
0.42187969924812035 43.140221579447825 -2.7469338211660954 0.17474425495681106 44.508268169658095 -2.7629703013381004 0.17135836805216087
0.4268421052631579 42.90723067978388 -2.7633439799340067 0.17779763718955383 44.281682500006355 -2.780510755226487 0.1744281778339219
0.4318045112781955 42.6601904374138 -2.7789425312355718 0.1808508021306944 44.04019699033506 -2.797227113325931 0.17749889806681313
0.43676691729323314 42.39943919799225 -2.793725996818665 0.18390306428862857 43.78415789212204 -2.8131151391668254 0.18056981923753312
0.4417293233082707 42.125316767191634 -2.807691230485432 0.18695374418898086 43.51391347627714 -2.828170949637638 0.18364023759901707
0.4466917293233083 41.838164221565876 -2.820835412150842 0.1900021683901869 43.2298138217011 -2.842391008920373 0.1867094552007368
0.4516541353383459 41.53832372541547 -2.8331560419992172 0.1930476694962119 42.93221061146323 -2.855772122584085 0.18977677991959988
0.4566165413533835 41.22613835411403 -2.844650934785733 0.19608958617003697 42.62145693518096 -2.868311431768575 0.1928415254878833
0.4615789473684211 40.90195192312558 -2.8553182142424873 0.1991272631454374 42.29790709822964 -2.8800064075128375 0.19590301152214096
0.4665413533834587 40.566108822670685 -2.865156307597829 0.20216005123796066 41.96191643646762 -2.8908548451538536 0.19896056354841107
0.47150375939849626 40.21895385801872 -2.8741639402192334 0.20518730735611018 41.61384113748318 -2.9008548588745384 0.20201351302930465
0.47646616541353387 39.86083209481603 -2.882340130350798 0.20820839451108478 41.25403806681652 -2.9100048763101256 0.2050611973872094
0.4814285714285715 39.49208870946586 -2.889684183956007 0.21122268182595622 40.882864600135235 -2.9183036332881045 0.2081029600288057
0.48639097744360904 39.11306884430405 -2.896195689657759 0.21422954454414622 40.50067846019874 -2.925750168635034 0.21113815036676678
0.49135338345864665 38.724117467394535 -2.901874513774459 0.21722836403721857 40.10783755907505 -2.9323438190901925 0.21416612384147032
0.49631578947368427 38.32557923688728 -2.9067207954547314 0.22021852781248677 39.704699845142386 -2.9380842143062296 0.2171862419417631
0.5012781954887219 37.917798369472166 -2.910734941889956 0.22319942951924787 39.291623154659646 -2.942971271928343 0.22019787222422119
0.5062406015037594 37.50111851310021 -2.9139176236216144 0.2261704689548954 38.86896506788662 -2.947005192761793 0.22320038833195355
0.511203007518797 37.07588262359013 -2.9162697699264584 0.22913105207007334 38.43708276946063 -2.950186456014677 0.22619317001215694
0.5161654135338346 36.64243284512145 -2.9177925642866285 0.2320805909735147 37.99633291303098 -2.9525158146242063 0.2291756031331739
0.5211278195488722 36.20111039445101 -2.918487439940776 0.23501850393652052 37.54707148983516 -2.953994290653071 0.23214707970041815
0.5260902255639098 35.75225544853561 -2.9183560754986786 0.23794421539586114 37.08965370118722 -2.954623170760641 0.23510699787156142
0.5310526315789474 35.296207035824864 -2.917400390648112 0.24085715595757998 36.624433834663705 -2.954404001739732 0.23805476197043163
0.536015037593985 34.83330293060885 -2.915622541912512 0.24375676239863964 36.15176514408108 -2.9533385861359136 0.2409897825013208
0.5409774436090226 34.36387955090936 -2.9130249185047887 0.24664247767012643 35.67199973277184 -2.9514289779172884 0.24391147616113545
0.5459398496240602 33.88827185904279 -2.9096101382147594 0.2495137508972552 35.185488440399695 -2.948677478220077 0.24681926585168648
0.5509022556390978 33.406813265586834 -2.9053810433955505 0.25237003738153635 34.69258073292485 -2.9450866311481434 0.24971258069052027
0.5558646616541354 32.91983553597993 -2.900340696992288 0.2552107986007002 34.19362459594731 -2.9406592196492056 0.25259085602224235
0.560827067669173 32.427668699985816 -2.894492378638688 0.2580355022086825 33.68896643083599 -2.935398261427622 0.25545353342721455
0.5657894736842106 31.930640963917085 -2.887839580817939 0.2608436220353809 33.17895095411836 -2.929307004939176 0.2583000607316113
0.5707518796992481 31.429078625424154 -2.8803860050783783 0.2636346380857096 32.66392109958929 -2.922388925428038 0.26112989201550835
0.5757142857142857 30.923305990833114 -2.872135558306951 0.26640803653824935 32.14421792329358 -2.914647721026654 0.26394248762106776
0.5806766917293233 30.413645294977414 -2.863092349062754 0.2691633097438052 31.620180511090894 -2.906087308897213 0.266737314158919
0.585639097744361 29.90041662330418 -2.8532606839543178 0.2718999562226969 31.092145889015 -2.896711821441613 0.26951384451546545
0.5906015037593986 29.38393783644642 -2.842645064085815 0.27461748066300135 30.56044893614535 -2.886525602557839 0.2722715578589643
0.5955639097744362 28.864524496866352 -2.831250181539602 0.2773153939171138 30.02542229979258 -2.8755332039344523 0.27500993964423276
0.6005263157894737 28.342489797769076 -2.819080915918775 0.2799932129987397 29.487396313298404 -2.8637393814105394 0.2777284816180199
0.6054887218045113 27.81814449408307 -2.8061423309366944 0.2826504610794084 28.946698916064406 -2.851149091376584 0.28042668182341873
0.6104511278195489 27.291796835477044 -2.792439671053671 0.28528666748451076 28.40365557583118 -2.8377674872196508 0.28310404460345495
0.6154135338345865 26.76375250131673 -2.7779783581582933 0.2879013676888178 27.858589213165487 -2.823599915814924 0.2857600806042271
0.6203759398496241 26.234314537638284 -2.762763988303533 0.29049410331260594 27.31182012812701 -2.8086519140671413 0.28839430677812317
0.6253383458646617 25.703783295843778 -2.7468023284747005 0.2930644221161458 26.76366592894442 -2.7929292054885906 0.2910062463858788
0.6303007518796993 25.17245637329779 -2.7300993134104488 0.2956118779948961 26.2144414627453 -2.776437696823507 0.2935954289985361
0.6352631578947369 24.640628555684657 -2.712661042467687 0.2981360309745469 25.66445874823944 -2.7591834747134385 0.296161390498869
0.6402255639097745 24.108591760961303 -2.6944937765171204 0.30063644720463856 25.114026910298662 -2.7411728024031703 0.29870367308245227
0.6451879699248121 23.576634985078954 -2.675603934892152 0.3031126989532969 24.56345211641201 -2.7224121164879875 0.3012218252583878
0.6501503759398497 23.04504424924096 -2.6559980923701687 0.30556436460089975 24.013037514899565 -2.702908023696338 0.3037154018493358
0.6551127819548873 22.514102548768165 -2.635682976198126 0.3079910286341179 23.46308317489479 -2.6826672977121433 0.3061839639913396
0.6600751879699249 21.984089803408665 -2.614665463149038 0.3103922816390015 22.91388602811344 -2.661696876040949 0.30862707913368104
0.6650375939849624 21.455282809188816 -2.59295257662275 0.31276772029455435 22.365739812108018 -2.640003856899483 0.3110443210376488
0.67 20.92795519165327 -2.5705514837792265 0.31511694736580864 21.818935015312718 -2.6175954961538253 0.31343526977563363
0.6749624060150377 20.402377360518017 -2.5474694927094816 0.3174395716968566 21.273758823550224 -2.5944792042842977 0.3157995117294021
0.6799248120300753 19.87881646565154 -2.52371404963921 0.3197352082035299 20.730495068119126 -2.5706625433888917 0.3181366395884334
0.6848872180451129 19.357536354403237 -2.499292736169835 0.32200347786628924 20.189424175364593 -2.5461532242206033 0.32044625234807944
0.6898496240601505 18.83879753017618 -2.474213266549313 0.3242440077225884 19.650823117672417 -2.5209591032527214 0.3227279553067035
0.694812030075188 18.322857112263364 -2.448483484977828 0.3264564308593615 19.114965365921876 -2.495088179783366 0.324981360063596
0.6997744360902256 17.80996879689883 -2.4221113629460262 0.32864038640546767 18.582120843267262 -2.4685485930647815 0.32720608451570615
0.7047368421052632 17.300382819448714 -2.395104996600125 0.3307955195235337 18.05255588031514 -2.441348619470446 0.32940175285500806
0.7096992481203008 16.79434591779966 -2.367472604143771 0.3329214814024202 17.526533171544543 -2.413496669684278 0.3315679955646852
0.7146616541353384 16.292101296829173 -2.3392225232662014 0.3350179292492375 17.00431173308141 -2.3850012859294623 0.333704449416255
0.719624060150376 15.793888593961356 -2.310363208599327 0.33708452628120256 16.48614686162273 -2.3558711392149263 0.33581075746522515
0.7245864661654136 15.299943845784014 -2.2809032292042843 0.33912094171754603 15.972290094654 -2.326115026620343 0.33788656904773495
0.7295488721804512 14.81049945568941 -2.250851266085405 0.3411268507713411 15.462989171799677 -2.2957418686029314 0.3399315397763232
0.7345112781954888 14.325784162532386 -2.220216109733755 0.3431019346415738 14.958487997338352 -2.2647607063329502 0.3419453315356691
0.7394736842105264 13.846023010242106 -2.1890066576946055 0.34504588050479157 14.459026603843881 -2.233180699056888 0.34392761247846926
0.744436090225564 13.371437318377957 -2.1572319121604124 0.3469583815067333 13.964841116916261 -2.2010111214852373 0.3458780570208143
0.7493984962406016 12.902244653639173 -2.1249009775932137 0.3488391367543405 13.476163720979628 -2.168261361206021 0.34779634583769337
0.7543609022556391 12.43865880224314 -2.0920230583675874 0.3506878513073204 12.993222626128443 -2.1349409161236537 0.3496821658582026
0.7593233082706767 11.980889743208138 -2.0586074564421892 0.3525042361702214 12.516242035993457 -2.1010593919229024 0.3515352102609649
0.7642857142857143 11.529143622461163 -2.0246635690501336 0.3542880082838309 12.045442116584184 -2.066626499554218 0.3533551784690895
0.769248120300752 11.083622727805903 -1.990200886417199 0.3560388905172947 11.581038966121412 -2.031652052745102 0.35514177614531894
0.7742105263157896 10.644525464685785 -1.9552289894999149 0.35775661165986367 11.123244585793884 -1.9961459655314258 0.356894715186885
0.7791729323308272 10.21204633274698 -1.919757547746869 0.3594409064127693 10.672266851471136 -1.9601182498152383 0.35861371372079986
0.7841353383458647 9.786375903165833 -1.8837963168810177 0.36109151538119255 10.228309486270746 -1.9235790129376653 0.3602984960982264
0.7890977443609023 9.367700796734823 -1.84735513670352 0.3627081850662677 9.791572034063279 -1.8865384552808422 0.3619487928899142
0.7940601503759399 8.956203662679286 -1.8104439289175858 0.3642906678571099 9.362249833783608 -1.8490068678829061 0.3635643408805578
0.7990225563909775 8.552063158193107 -1.7730726949731803 0.36583872202304235 8.940533994628424 -1.8109946300792288 0.3651448830639552
0.8039849624060151 8.155453928669601 -1.735251513930173 0.3673521117057513 8.526611372044385 -1.7725122071590533 0.36669016863761306
0.8089473684210527 7.766546588611561 -1.6969905403404795 0.36883060691155123 8.120664544542592 -1.7335701480441799 0.36819995299771807
0.8139097744360902 7.385507703216604 -1.6583000021498364 0.3702739835038926 7.722871791281136 -1.6941790829839363 0.36967399773384335
0.8188721804511279 7.012499770604478 -1.619190198616593 0.3716820231958356 7.333407070429786 -1.6543497212702292 0.37111207062392043
0.8238345864661655 6.647681204675678 -1.579671498247329 0.37305451354258895 6.952439998278493 -1.6140928489686956 0.37251394562901885
0.8287969924812031 6.291206318601638 -1.5397543367511872 0.374391247934336 6.580135829090807 -1.5734193266687981 0.37387940288838684
0.8337593984962407 5.943225308907415 -1.4994492150089727 0.3756920255890653 6.216655435662091 -1.5323400872479809 0.3752082287142571
0.8387218045112783 5.603884240154116 -1.4587666970589268 0.37695665154543434 5.862155290601208 -1.4908661336549045 0.37650021558699365
0.8436842105263158 5.273325030201505 -1.4177174080988877 0.3781849366561332 5.516787448289847 -1.449008536706394 0.37775516215011606
0.8486466165413534 4.951685436025315 -1.3763120325011613 0.37937669758084525 5.180699527525491 -1.4067784329007011 0.378972873205465
0.853609022556391 4.639099040101769 -1.3345613118444746 0.3805317567798454 4.854034694819546 -1.3641870222443586 0.38015315970835906
0.8585714285714287 4.335695237322369 -1.2924760429581283 0.38164994250746764 4.536931648356244 -1.3212455660949516 0.38129583876294265
0.8635338345864663 4.04159922244682 -1.2500670759808656 0.3827310888058311 4.2295246025791755 -1.277965385016401 0.3824007336176033
0.8684962406015039 3.756931978069929 -1.2073453124322242 0.3837750354986724 3.931943273406489 -1.2343578566477902 0.383467673660346
0.8734586466165414 3.481810263099817 -1.1643217032969062 0.3847816281854316 3.644312864066663 -1.1904344135866296 0.3844964944145109
0.878421052631579 3.216346601733207 -1.1210072471211063 0.38575071823538326 3.366754051518072 -1.1462065412812166 0.3854870375342874
0.8833834586466166 2.9606492729190563 -1.0774129881206704 0.3866821627820987 3.099382973480459 -1.101685775938492 0.38643915080065955
0.8883458646616542 2.7148223003034815 -1.0335500143005873 0.3875758247179206 2.8423112160374444 -1.056883702441617 0.38735268811723716
0.8933082706766918 2.478965442643144 -0.9894294555851708 0.388431572688764 2.595645801808672 -1.0118119522782507 0.3882275095062937
0.8982706766917294 2.2531741846816686 -0.9450624819587681 0.3892492810890147 2.359489178691291 -0.9664822014808188 0.38906348110496225
0.9032330827067669 2.0375397284786203 -0.9004603016160999 0.39002883005664535 2.133939209148693 -0.9209061685757725 0.3898604751615172
0.9081954887218046 1.8321489851862651 -0.8556341591224026 0.39077010546856406 1.9190891600435052 -0.8750956125424771 0.39061837003176925
0.9131578947368422 1.6370845672634786 -0.8105953335822953 0.39147299893612103 1.7150276930109456 -0.829062330782115 0.39133705017564796
0.9181203007518798 1.45242478112214 -0.7653551368173765 0.3921374078008242 1.5218388553579558 -0.7828181570949049 0.39201640615398264
0.9230827067669174 1.2782436201987792 -0.7199249115518853 0.3927632351302274 1.3396020714827515 -0.7363749596652482 0.39265633462527205
0.928045112781955 1.1146107584438525 -0.6743160296059258 0.39335038971416003 1.16839213481083 -0.6897446390554123 0.3932567383427757
0.9330075187969925 0.9615915442257617 -0.6285398900960821 0.39389878606099415 1.008279200236828 -0.6429391262059632 0.39381752615162685
0.9379699248120301 0.8192469946407712 -0.5826079176427399 0.3944083443942266 0.8593287770699938 -0.5959703804437666 0.3943386129862342
0.9429323308270677 0.6876337902261405 -0.5365315605836258 0.39487899064929144 0.7216017224736362 -0.5488503874959534 0.3948199198677358
0.9478947368421053 0.5668042700710956 -0.4903222891935961 0.395310656470528 0.5951542353966239 -0.5015911575102265 0.3952613739016826
0.952857142857143 0.4568064273191599 -0.44399159390928666 0.3957032792084073 0.48003785098968166 -0.45420472308068227 0.39566290827586903
0.9578195488721806 0.3576839050616787 -0.3975509835594906 0.39605680191700304 0.37629943550298073 -0.4067031372785088 0.39602446225833177
0.9627819548872181 0.26947599261524147 -0.3510119835994949 0.3963711733516367 0.28398118166147235 -0.3590984716879486 0.39634598119554687
0.9677443609022557 0.19221762218099947 -0.3043861343499188 0.396646347966796 0.20312060451274583 -0.3114028144461347 0.3966274165107606
0.9727067669172933 0.12593936588359256 -0.2576849892392232 0.39688228591426855 0.13375053774439127 -0.26362826828649943 0.3968687257025583
0.9776691729323309 0.07066743318513113 -0.21092011304915648 0.39707895304149093 0.07589913046922625 -0.21578694858609015 0.3970698723435409
0.9826315789473685 0.026423668673834833 -0.16410308016355302 0.39723632089013705 0.029589844473976612 -0.16789098141541636 0.39723082607924215
0.9875939849624061 -0.0067744497759640865 -0.11724547281921538 0.3973543666949766 -0.0051585480698563835 -0.11995250159088267 0.3973515626271909
0.9925563909774437 -0.028913812474241962 -0.07035887935867802 0.39743307338289685 -0.0283319664353065 -0.07198365072900481 0.39743206377620766
0.9975187969924812 -0.03998567901626224 -0.02345489248456545 0.3974724295722159 -0.039921022710169916 -0.023996575302551837 0.39747231738579336
1.0024812030075188 -0.03998567901625986 0.023454892484585876 0.3974724295722159 -0.039921022710171894 0.023996575302535184 0.39747231738579336
1.0074436090225565 -0.028913812474241518 0.0703588793586798 0.39743307338289924 -0.028331966435294065 0.07198365072903945 0.39743206377620527
1.012406015037594 -0.006774449775949876 0.1172454728192398 0.3973543666949766 -0.005158548069855273 0.1199525015908609 0.3973515626271909
1.0173684210526317 0.026423668673845935 0.16410308016356634 0.39723632089013705 0.029589844474014804 0.167890981415443 0.39723082607923743
1.0223308270676692 0.07066743318510271 0.21092011304912983 0.39707895304148855 0.07589913046914765 0.21578694858603065 0.3970698723435409
1.027293233082707 0.12593936588356236 0.25768498923920014 0.39688228591426855 0.1337505377443451 0.2636282682864639 0.3968687257025583
1.0322556390977444 0.19221762218104388 0.30438613434994544 0.396646347966796 0.2031206045127698 0.3114028144461489 0.3966274165107606
1.0372180451127821 0.26947599261525745 0.35101198359950203 0.3963711733516343 0.2839811816615576 0.3590984716879788 0.39634598119554687
1.0421804511278197 0.3576839050616414 0.3975509835594728 0.39605680191700066 0.37629943550293454 0.4067031372784804 0.3960244622583365
1.0471428571428572 0.4568064273191901 0.4439915939092991 0.3957032792084073 0.48003785098959995 0.45420472308064674 0.39566290827586903
1.0521052631578949 0.5668042700710494 0.490322289193573 0.3953106564705232 0.5951542353967803 0.5015911575102905 0.3952613739016826
1.0570676691729324 0.6876337902260907 0.5365315605836081 0.3948789906492867 0.7216017224735651 0.548850387495925 0.3948199198677334
1.06203007518797 0.8192469946407535 0.5826079176427399 0.394408344394229 0.8593287770698481 0.5959703804437204 0.3943386129862342
1.0669924812030076 0.9615915442256551 0.6285398900960502 0.39389878606099177 1.0082792002366716 0.6429391262059134 0.39381752615162446
1.071954887218045 1.1146107584438525 0.6743160296059223 0.3933503897141624 1.168392134810766 0.6897446390553874 0.3932567383427686
1.0769172932330828 1.2782436201987792 0.7199249115518747 0.39276323513022504 1.3396020714827728 0.7363749596652625 0.39265633462527916
1.0818796992481203 1.4524247811221258 0.7653551368173765 0.3921374078008171 1.5218388553578563 0.78281815709488 0.39201640615398264
1.086842105263158 1.637084567263372 0.8105953335822811 0.3914729989361234 1.7150276930112085 0.8290623307821683 0.3913370501756456
1.0918045112781956 1.8321489851861728 0.8556341591223777 0.39077010546855934 1.919089160043221 0.8750956125424061 0.39061837003176214
1.0967669172932333 2.037539728478663 0.9004603016161035 0.390028830056643 2.1339392091486644 0.9209061685757653 0.3898604751615172
1.1017293233082708 2.2531741846818107 0.9450624819587965 0.3892492810890099 2.3594891786916463 0.9664822014808934 0.38906348110496697
1.1066917293233083 2.478965442643073 0.9894294555851495 0.3884315726887616 2.5956458018085726 1.0118119522782294 0.3882275095062913
1.111654135338346 2.7148223003034104 1.0335500143005731 0.3875758247179206 2.8423112160371318 1.0568837024415458 0.38735268811723006
1.1166165413533835 2.9606492729189284 1.0774129881206562 0.3866821627820987 3.099382973480971 1.10168577593857 0.38643915080065955
1.1215789473684212 3.2163466017332354 1.1210072471211134 0.38575071823538326 3.3667540515183987 1.1462065412812663 0.3854870375342874
1.1265413533834587 3.481810263100101 1.164321703296956 0.384781628185434 3.6443128640667055 1.1904344135866438 0.3844964944145133
1.1315037593984962 3.7569319780699004 1.2073453124322242 0.38377503549867475 3.9319432734067448 1.23435785664784 0.38346767366035783
1.136466165413534 4.04159922244699 1.2500670759809012 0.3827310888058382 4.229524602582103 1.2779653850168344 0.38240073361760096
1.1414285714285715 4.33569523732217 1.2924760429580928 0.38164994250746054 4.53693164835596 1.3212455660949232 0.38129583876294737
1.1463909774436092 4.639099040101826 1.334561311844496 0.3805317567798501 4.854034694819546 1.3641870222443444 0.38015315970834723
1.1513533834586467 4.951685436025571 1.3763120325011968 0.37937669758084525 5.1806995275253485 1.4067784329006656 0.3789728732054556
1.1563157894736844 5.2733250302011925 1.417717408098845 0.3781849366561284 5.516787448290728 1.4490085367065362 0.3777551621501279
1.161278195488722 5.603884240154343 1.4587666970589908 0.37695665154544855 5.86215529060226 1.490866133655075 0.3765002155870126
1.1662406015037594 5.943225308906648 1.4994492150088305 0.37569202558903686 6.2166554356616075 1.5323400872479098 0.3752082287142547
1.1712030075187971 6.291206318601098 1.539754336751102 0.37439124793432654 6.5801358290896985 1.573419326668649 0.3738794028883821
1.1761654135338346 6.647681204676047 1.5796714982473503 0.37305451354258184 6.9524399982786065 1.6140928489687312 0.37251394562903073
1.1811278195488724 7.012499770604535 1.619190198616586 0.3716820231958309 7.333407070429331 1.6543497212701368 0.3711120706239062
1.1860902255639099 7.385507703217257 1.65830000214995 0.37027398350391155 7.722871791281136 1.694179082983922 0.3696739977338339
1.1910526315789474 7.766546588611618 1.6969905403404653 0.3688306069115441 8.120664544542535 1.7335701480441728 0.3681999529977228
1.196015037593985 8.15545392866943 1.73525151393018 0.36735211170575843 8.52661137204467 1.7725122071590746 0.36669016863761306
1.2009774436090226 8.552063158193334 1.7730726949732016 0.36583872202303996 8.940533994628765 1.8109946300792643 0.3651448830639552
1.2059398496240603 8.956203662678774 1.810443928917536 0.3642906678571028 9.362249833784063 1.8490068678829985 0.3635643408805862
1.2109022556390978 9.367700796734027 1.8473551367033991 0.36270818506624636 9.791572034062938 1.8865384552807711 0.3619487928898977
1.2158646616541355 9.786375903165549 1.8837963168809893 0.36109151538119255 10.228309486270973 1.9235790129376653 0.36029849609821696
1.220827067669173 10.212046332746866 1.9197575477468263 0.35944090641275983 10.672266851469487 1.9601182498150251 0.3586137137207738
1.2257894736842105 10.644525464685842 1.9552289894999006 0.35775661165985656 11.12324458579485 1.9961459655315394 0.3568947151868945
1.2307518796992483 11.083622727805277 1.9902008864171137 0.3560388905172876 11.5810389661209 2.0316520527450734 0.35514177614532605
1.2357142857142858 11.52914362246105 2.0246635690501336 0.3542880082838309 12.045442116583274 2.0666264995540757 0.35335517846907294
1.2406766917293235 11.980889743207399 2.0586074564420613 0.352504236170193 12.51624203599357 2.101059391922874 0.3515352102609578
1.245639097744361 12.43865880224314 2.0920230583675874 0.3506878513073204 12.993222626128443 2.134940916123668 0.3496821658582026
1.2506015037593985 12.902244653638036 2.124900977593043 0.34883913675431444 13.476163720979741 2.1682613612059924 0.3477963458376839
1.2555639097744362 13.371437318378469 2.1572319121604977 0.3469583815067428 13.96484111691683 2.201011121485365 0.34587805702084273
1.2605263157894737 13.846023010241822 2.1890066576946197 0.345045880504801 14.459026603843768 2.2331806990568737 0.34392761247846454
1.2654887218045114 14.325784162534092 2.2202161097339967 0.3431019346416022 14.958487997337897 2.2647607063329076 0.3419453315356667
1.270451127819549 14.810499455688841 2.250851266085334 0.34112685077133165 15.462989171799904 2.2957418686029314 0.33993153977631607
1.2754135338345867 15.299943845782082 2.2809032292040285 0.3391209417175105 15.972290094652976 2.326115026620201 0.337886569047716
1.2803759398496242 15.793888593962606 2.310363208599526 0.337084526281231 16.486146861624434 2.3558711392150826 0.335810757465237
1.2853383458646617 16.292101296829856 2.3392225232662724 0.335017929249247 17.004311733081863 2.3850012859295333 0.3337044494162645
1.2903007518796994 16.79434591779875 2.367472604143657 0.33292148140240363 17.526533171547726 2.413496669684619 0.3315679955647207
1.295263157894737 17.300382819446213 2.3951049965997555 0.3307955195234816 18.052555880315936 2.441348619470503 0.32940175285500806
1.3002255639097746 17.809968796897692 2.422111362945884 0.32864038640545107 18.58212084326658 2.468548593064753 0.32720608451570377
1.3051879699248121 18.322857112263364 2.448483484977828 0.3264564308593615 19.114965365921876 2.495088179783309 0.3249813600635794
1.3101503759398498 18.838797530177317 2.474213266549455 0.3242440077226097 19.65082311767651 2.520959103253219 0.32272795530675796
1.3151127819548873 19.35753635440426 2.4992927361698776 0.32200347786628924 20.189424175364024 2.546153224220575 0.32044625234807944
1.3200751879699248 19.87881646565188 2.5237140496392385 0.3197352082035299 20.730495068119694 2.57066254338892 0.3181366395884334
1.3250375939849626 20.402377360513924 2.5474694927089985 0.31743957169679976 21.273758823554772 2.5944792042846245 0.31579951172942106
1.33 20.927955191654064 2.570551483779269 0.315116947365811 21.818935015311695 2.617595496153598 0.3134352697755981
1.3349624060150378 21.455282809189043 2.592952576622764 0.31276772029455435 22.365739812114498 2.64000385690008 0.31104432103770324
1.3399248120300753 21.98408980341219 2.6146654631494073 0.31039228163903465 22.913886028115144 2.661696876040949 0.3086270791336621
1.3448872180451128 22.514102548769188 2.6356829761982823 0.30799102863413685 23.46308317489934 2.6826672977124844 0.3061839639913562
1.3498496240601505 23.04504424924096 2.6559980923701545 0.3055643646008974 24.01303751490218 2.7029080236965655 0.3037154018493524
1.354812030075188 23.576634985074747 2.6756039348916687 0.30311269895324006 24.563452116404164 2.72241211648722 0.30122182525831437
1.3597744360902257 24.10859176095869 2.6944937765168078 0.30063644720460064 25.114026910299344 2.741172802403213 0.29870367308245227
1.3647368421052632 24.640628555691592 2.712661042468369 0.29813603097461555 25.664458748241486 2.7591834747136375 0.296161390498888
1.369699248120301 25.1724563732987 2.730099313410534 0.2956118779949127 26.214441462744844 2.7764376968234643 0.2935954289985337
1.3746616541353385 25.70378329583832 2.7468023284741463 0.2930644221160937 26.76366592894169 2.792929205488349 0.29100624638585987
1.379624060150376 26.234314537634873 2.7627639883031776 0.2904941033125704 27.31182012812519 2.8086519140670703 0.2883943067781255
1.3845864661654137 26.76375250131673 2.7779783581582933 0.2879013676888178 27.858589213166397 2.823599915815066 0.285760080604246
1.3895488721804512 27.29179683547659 2.792439671053671 0.28528666748451076 28.40365557582868 2.8377674872194234 0.28310404460343597
1.394511278195489 27.818144494079434 2.806142330936325 0.28265046107937525 28.946698916064634 2.8511490913766977 0.28042668182343766
1.3994736842105264 28.3424897977643 2.819080915918377 0.2799932129987018 29.487396313302725 2.8637393814110226 0.27772848161807434
1.404436090225564 28.864524496862032 2.831250181539204 0.27731539391707827 30.025422299785305 2.8755332039337986 0.2750099396441759
1.4093984962406017 29.383937836450514 2.842645064086213 0.27461748066303926 30.560448936133525 2.886525602556901 0.27227155785889323
1.4143609022556392 29.900416623308047 2.8532606839547157 0.27189995622273244 31.092145889020912 2.8967118214421816 0.2695138445155199
1.4193233082706769 30.413645294977186 2.863092349062754 0.2691633097438052 31.620180511091803 2.906087308897355 0.266737314158938
1.4242857142857144 30.92330599083698 2.872135558307349 0.26640803653828726 32.14421792329358 2.914647721026654 0.26394248762106776
1.429248120300752 31.42907862542461 2.88038600507835 0.2636346380857096 32.66392109959861 2.9223889254288906 0.2611298920155818
1.4342105263157896 31.930640963917767 2.887839580817996 0.26084362203538564 33.17895095410654 2.9293070049382663 0.25830006073154027
1.439172932330827 32.42766869998627 2.894492378638688 0.2580355022086825 33.68896643083713 2.935398261427679 0.25545353342721455
1.4441353383458648 32.91983553598061 2.9003406969923162 0.2552107986007002 34.19362459595459 2.940659219649973 0.2525908560223181
1.4490977443609023 33.40681326559161 2.905381043395977 0.2523700373815719 34.692580732923034 2.945086631148058 0.24971258069052027
1.45406015037594 33.888271859042106 2.9096101382147026 0.24951375089725283 35.18548844040174 2.9486774782201906 0.24681926585168648
1.4590225563909776 34.363879550904585 2.9130249185044192 0.24664247767009329 35.67199973277411 2.951428977917402 0.24391147616113545
1.463984962406015 34.83330293060908 2.9156225419125406 0.24375676239863964 36.151765144069486 2.9533385861350325 0.2409897825012474
1.4689473684210528 35.296207035826 2.9174003906481687 0.24085715595758234 36.62443383466734 2.9544040017401016 0.23805476197046715
1.4739097744360903 35.752255448535834 2.9183560754986786 0.23794421539586114 37.08965370118517 2.9546231707603567 0.2351069978715259
1.478872180451128 36.20111039443964 2.918487439939838 0.2350185039364471 37.54707148986563 2.95399429065543 0.23214707970060525
1.4838345864661655 36.642432845132134 2.9177925642875095 0.23208059097358813 37.99633291305781 2.9525158146261674 0.22917560313332075
1.4887969924812032 37.07588262359104 2.916269769926515 0.22913105207007334 38.437082769459266 2.9501864560146203 0.22619317001215933
1.4937593984962407 37.50111851310703 2.9139176236220976 0.22617046895493093 38.868965067880254 2.94700519276131 0.22320038833191802
1.4987218045112782 37.91779836947853 2.9107349418904107 0.22319942951928812 39.29162315465419 2.9429712719279166 0.22019787222418566
1.503684210526316 38.32557923688091 2.90672079545422 0.22021852781245124 39.70469984514284 2.938084214306201 0.21718624194175834
1.5086466165413535 38.72411746738362 2.9018745137735493 0.21722836403714513 40.10783755906914 2.9323438190897093 0.21416612384143244
1.5136090225563912 39.11306884429496 2.896195689657219 0.2142295445441107 40.50067846019965 2.925750168635062 0.21113815036676678
1.5185714285714287 39.49208870945995 2.889684183955552 0.21122268182591833 40.88286460013069 2.918303633287934 0.2081029600288057
1.5235338345864662 39.8608320948174 2.8823401303508547 0.20820839451108478 41.254038066804696 2.9100048763091877 0.20506119738713596
1.528496240601504 40.21895385801008 2.874163940218665 0.20518730735607466 41.61384113748454 2.900854858874567 0.20201351302930465
1.5334586466165414 40.56610882265795 2.865156307596834 0.20216005123788486 41.96191643648672 2.8908548451550473 0.1989605635484845
1.5384210526315791 40.90195192312467 2.8553182142424873 0.1991272631454374 42.29790709821691 2.880006407511843 0.19590301152206752
1.5433834586466166 41.22613835413722 2.8446509347873246 0.19608958617014594 42.62145693518323 2.8683114317686034 0.1928415254878833
1.5483458646616544 41.53832372541683 2.8331560419992456 0.1930476694962119 42.932210611450046 2.8557721225831187 0.18977677991952646
1.5533082706766919 41.83816422154314 2.820835412149279 0.19000216839007794 43.229813821687 2.84239100891935 0.186709455200661
1.5582706766917294 42.12531676719118 2.80769123048546 0.18695374418898086 43.51391347626304 2.8281709496366148 0.18364023759894366
1.563233082706767 42.399439198003165 2.793725996819262 0.1839030642886617 43.784157892147505 2.8131151391681897 0.18056981923760654
1.5681954887218046 42.660190437447 2.7789425312377602 0.18085080213083887 44.04019699035416 2.7972271133268407 0.17749889806685104
1.5731578947368423 42.907230679773875 2.7633439799333814 0.17779763718951358 44.28168250004683 2.780510755228363 0.1744281778339977
1.5781203007518798 43.14022157942918 2.74693382116493 0.17474425495673765 44.50826816972267 2.762970301341312 0.17135836805231008
1.5830827067669173 43.358826447066804 2.7297158713451495 0.17169134692716406 44.719609983947066 2.7446103476084147 0.16829018396806816
1.588045112781955 43.56271045270705 2.71169429127454 0.16863961058227042 44.91536639170681 2.725435855837702 0.16522434652775547
1.5930075187969925 43.751540836225104 2.692873592520016 0.1655897493738081 45.095198537457236 2.70545216005965 0.16216158234256284
1.5979699248120303 43.9249871252955 2.673258643930353 0.1625424727055152 45.25877050414147 2.6846649731539856 0.15910262365276867
1.6029323308270678 44.08272136190408 2.6528546783409865 0.1594984959160186 45.405749563346944 2.6630803935726988 0.1560482082898839
1.6078947368421055 44.224418336500094 2.631667299395531 0.15645854025794628 45.535806434751066 2.6407049122340993 0.1529990796380976
1.612857142857143 44.349755831809034 2.609702488588198 0.15342333287917378 45.648615555098786 2.617545419581944 0.1499559865942738
1.6178195488721805 44.458414875373364 2.586966612452642 0.15039360680118818 45.743855356955464 2.5936092128087296 0.14691968352614518
1.6227819548872182 44.55008000202861 2.5634664299502106 0.14737010089728858 45.821208558240414 2.568904003279272 0.14389093023028465
1.6277443609022557 44.62443952666126 2.539209100057036 0.14435355986994125 45.88036246219963 2.543437924113306 0.14087049188688638
1.6327067669172934 44.681185827705576 2.5142021895551068 0.14134473422714203 45.921009269287424 2.517219537987387 0.13785913901424368
1.637669172932331 44.72001564209722 2.48845368104557 0.1383443802581515 45.94284640114529 2.4902578451450665 0.1348576474219006
1.6426315789473687 44.7406303720727 2.4619719811826712 0.13535326000785375 45.945576837285444 2.4625622916191787 0.13186679816167884
1.6475939849624062 44.74273640447427 2.4347659291412356 0.13237214124996416 45.92890946507396 2.434142777676101 0.12888737747691908
1.6525563909774437 44.726045443814655 2.406844805359924 0.12940179746057368 45.8925594445318 2.4050096665341414 0.12592017675169367
1.6575187969924814 44.69027485915103 2.3782183405328965 0.12644300778978607 45.83624858729945 2.3751737932909123 0.12296599245600959
1.662481203007519 44.63514804573151 2.3488967248758 0.12349655703215726 45.759705752398986 2.3446464741666375 0.12002562609172902
1.6674436090225566 44.56039480279105 2.3188906177064155 0.12056323559723836 45.66266725791411 2.3134395159903534 0.1170998841348189
1.6724060150375941 44.46575172784014 2.2882111573250086 0.1176438394784777 45.54487731132667 2.2815652260224795 0.11418957797746761
1.6773684210526316 44.350962628659545 2.2568699712219313 0.11473917022109721 45.406088458277736 2.249036422076756 0.11129552386768418
1.6823308270676693 44.21577895437895 2.2248791866467172 0.11185003488960868 45.24606205157215 2.215866442984293 0.10841854284721582
1.6872932330827068 44.05996024640899 2.1922514415381045 0.10897724603398254 45.06456874106243 2.182069159394075 0.1055594606866729
1.6922556390977446 43.883274610686385 2.1589998958442607 0.10612162165471517 44.86138898726858 2.1476589850038295 0.10271910782135525
1.697218045112782 43.68549921298745 2.12513824327732 0.10328398516794834 44.63631359799092 2.1126508881329187 0.09989831928205224
1.7021804511278198 43.46642079814228 2.090680723493165 0.10046516536865131 44.38914429155375 2.077060403764847 0.09709793462592842
1.7071428571428573 43.2258362349794 2.0556421347322384 0.09766599639252622 44.11969428738121 2.0409036460349057 0.09431879786490545
1.7121052631578948 42.96355308991315 2.0200378470100304 0.09488731767928252 43.827788925686946 2.00419732118786 0.09156175739117836
1.7170676691729325 42.67939022897099 1.983883815781894 0.09212997393206497 43.513266319170725 1.9669587410744498 0.08882766590153086
1.72203007518797 42.373178452625325 1.9471965962272293 0.08939481507833827 43.17597803861281 1.9292058372050747 0.08611738031958774
1.7269924812030077 42.04476116444948 1.9099933581288724 0.08668269622910192 42.81578983418967 1.890957175369806 0.0834317617145975
1.7319548872180452 41.69399507594244 1.8722919013810042 0.08399447763615105 42.43258239592251 1.8522319708982309 0.0807716752181804
1.7369172932330827 41.32075095192522 1.834110672245572 0.08133102465066835 42.02625215728585 1.8130501046491077 0.07813798994079471
1.7418796992481205 40.924914398349756 1.7954687803502338 0.07869320768052764 41.59671214236732 1.7734321396511064 0.07553157888208517
1.746842105263158 40.50638669501859 1.7563860164437415 0.07608190214456081 41.143892863394285 1.7333993385956887 0.07295331884174534
1.7518045112781957 40.06508567990659 1.7168828711029391 0.0734979884296886 40.667743269841594 1.6929736821139727 0.07040409032480473
1.7567669172932332 39.60094668562124 1.676980554296506 0.07094235184383516 40.168231757234025 1.6521778880598958 0.06788477744793416
1.761729323308271 39.1139235368546 1.6367010160666382 0.06841588257272946 39.64534723430461 1.6110354316452913 0.06539626783837349
1.7666917293233084 38.60398960798648 1.5960669681558102 0.06591947562970071 39.09910026222042 1.5695705667718016 0.06293945253311742
1.771654135338346 38.071138954082926 1.5551019069914673 0.06345403081223347 38.52952426436332 1.5278083484309946 0.060515225873191504
1.7766165413533836 37.51538751440148 1.513830137822879 0.06102045265241666 37.936676818145315 1.4857746564062495 0.058124485395713535
1.7815789473684212 36.93677439968087 1.4722768003034616 0.05861965036897724 37.32064103346238 1.4434962202847146 0.05576813172046258
1.7865413533834589 36.33536327159072 1.4304678956546582 0.056252537821367334 36.6815270288007 1.4010006460026148 0.053447068434439395
1.7915037593984964 35.71124381825757 1.3884303153540145 0.05392003345811247 36.01947351218223 1.35831644397922 0.05116220197163557
1.7964661654135339 35.064533343262156 1.3461918717979415 0.051623060271429225 35.33464947958237 1.3154730590489976 0.048914441489084005
1.8014285714285716 34.39537847185238 1.3037813308127397 0.04936254574627459 34.62725604021034 1.272500902281081 0.04670469873674439
1.806390977443609 33.70395699384608 1.2612284464748313 0.04713942181438805 33.89752838493587 1.2294313849678247 0.0445338879237885
1.8113533834586468 32.990479851079726 1.2185639982016596 0.044954624803575406 33.14573791260773 1.1862969549757736 0.042402925580402
1.8163157894736843 32.2551932925453 1.1758198306187069 0.042809095392257746 32.3721945281377 1.143131135560452 0.04031273040925261
1.821278195488722 31.498381209983563 1.1330288962526538 0.04070377856070451 31.57724914089158 1.099968567232736 0.038264223137829845
1.8262406015037596 30.720367679781702 1.0902253015338488 0.03863962354536454 30.76129637538361 1.0568450525939284 0.03625832635674915
1.831203007518797 29.92151973338332 1.04744435637474 0.03661758379303137 29.924777530261053 1.0137976048246742 0.03429596435501736
1.8361654135338348 29.10225038613862 1.0047226277916934 0.03463861691686768 29.068183809800757 0.9708645000233105 0.032378062944343824
1.8411278195488723 28.26302195646349 0.9620979979995354 0.032703684652991186 28.19205986669658 0.9280853339720352 0.030505549275299394
1.84609022556391 27.40434971545801 0.9196097275925013 0.030813752820153674 27.29700769590454 0.8855010838128123 0.028679351642300805
1.8510526315789475 26.526805909634277 0.8772985243604126 0.028969791279817986 26.38369092807443 0.8431541752750036 0.02690039927695409
1.856015037593985 25.63102421180338 0.8352066185588569 0.02717277389973797 25.452839578274506 0.8010885561409395 0.0251696221269763
1.8609774436090227 24.71770466171438 0.7933778454716389 0.02542367852057244 24.505255319716525 0.759349776886836 0.02348795062175431
1.8659398496240602 23.787619169474056 0.7518577362467909 0.023723486924815518 23.54181735700513 0.717985079314019 0.021856315416288886
1.870902255639098 22.84161767256046 0.71069361828512 0.022073184811207604 22.563488999825495 0.6770434945963189 0.020275647120610547
1.8758646616541355 21.880635048708427 0.6699347264870994 0.02047376177129223 21.571325046510538 0.6365759518610616 0.018746875999089713
1.8808270676691732 20.90569891706764 0.6296323271912456 0.01892621127301434 20.566480115814556 0.5966353991053666 0.017270931643840488
1.8857894736842107 19.917938481890815 0.5898398567919685 0.01743153064984663 19.55021810215294 0.5572769385843799 0.015848742618859525
1.8907518796992482 18.918594610680884 0.5506130775376619 0.01599072109676077 18.523922948508698 0.5185579787116126 0.014481236056868832
1.895714285714286 17.909031382541798 0.5120102535053093 0.014604787672546138 17.489111008102554 0.4805384059143307 0.01316933721602235
1.9006766917293234 16.890749407853946 0.47409235065572375 0.013274739313980414 16.447445302772394 0.44328077968543766 0.011913968972784517
1.9056390977443611 15.86540128618617 0.4369232654501616 0.012001588857344814 15.400752093493793 0.40685055570997974 0.010716051247771455
1.9106015037593986 14.834809682310151 0.4005700880225618 0.010786353072134602 14.35104027039415 0.3713163425146604 0.009576500339536645
1.9155639097744361 13.800988635415706 0.3651034074245558 0.009630052709359422 13.300524242044048 0.3367501992112807 0.008496228150922509
1.9205263157894739 12.766168899150216 0.33059766845588 0.008533712562766027 12.251651187878451 0.3032279834322935 0.00747614127091604
1.9254887218045114 11.732828377946134 0.29713159273779866 0.007498361546725599 11.207133847648947 0.27082976196470554 0.006517139877210809
1.930451127819549 10.703729089033004 0.2647886806590236 0.006525032790731207 10.169990413171035 0.23964030013371485 0.005620116397471027
1.9354135338345866 9.681962615915836 0.2336578167848984 0.00561476375371465 9.143593688586407 0.20974965203322427 0.004785953856035974
1.9403759398496243 8.671006794218556 0.20383400952960073 0.004768596353109444 8.13173256369555 0.1812538816692495 0.004015523784154595
1.9453383458646618 7.674797570856754 0.17541930881247936 0.0039875771095883765 7.13869018078185 0.15425595777890067 0.003309683535912692
1.9503007518796993 6.697821821708203 0.14852396444109672 0.0032727572947545505 6.169345277892717 0.12886688361641063 0.002669272746639232
1.955263157894737 5.74523992185641 0.12326791883356236 0.0026251930634420733 5.229306637542322 0.10520715366590139 0.0020951085429814498
1.9602255639097745 4.823051914823736 0.0997827781691285 0.0020459455261416792 4.325096428518009 0.08340867930303375 0.0015879788617638724
1.9651879699248123 3.9383300830231747 0.07821449367600053 0.0015360806688515063 3.4644087680790108 0.06361741314879055 0.0011486327897050803
1.9701503759398498 3.099557585141156 0.058727145993429986 0.0010966689310028717 2.6564900760931778 0.045997065572464635 0.0007777660083097733
1.9751127819548875 2.317146953602787 0.04150854208705823 0.0007287839864673629 1.9127301889966475 0.03073463770260787 0.0004759977605270175
1.980075187969925 1.6042886773648206 0.026779023113590483 0.00043349966008321417 1.2476526790342177 0.018049245402494307 0.0002438324335779877
1.9850375939849625 0.978474973642733 0.014806573035002657 0.0002118820374429712 0.6807709684217116 0.008207734296661329 8.159344534419688e-05
1.99 0.46464734365872573 0.005936325325137659 6.4967316513768e-05 0.2408304292403045 0.001558077451477402 -1.0661879187523482e-05
