0.01 5.560885346545547 -0.06752618505754526 0.0006533984643392424 2.7412394687344204 -0.012484374240216312 -0.0002849167792765191
0.014962406015037594 11.96605508671928 -0.1763876121890462 0.002416298295903137 8.200189550763753 -0.09313242396638088 0.0007880351142285728
0.01992481203007519 19.822744801705994 -0.32498574681994796 0.005125398300675006 15.296238936869486 -0.21451535802361832 0.0027444195674917182
0.024887218045112784 28.81756022904301 -0.5091090024448022 0.008772948804872744 23.66812159804249 -0.37239146222020736 0.005588337721529038
0.029849624060150376 38.7305479569186 -0.7254903412570002 0.013350112065000511 33.07124584232224 -0.5635230237662654 0.009320258982874918
0.034812030075187975 49.39529487890832 -0.9714373914180214 0.018847359812722193 43.323261979250674 -0.7852502640585044 0.01393793205414795
0.039774436090225566 60.6797609583009 -1.2446448002485795 0.025254633632570744 54.280593870498706 -1.0352955721745047 0.019437214283139305
0.044736842105263165 72.47567566336511 -1.54308583768875 0.03256142233294904 65.82603283561548 -1.3116542496633201 0.025812566864056898
0.04969924812030076 84.69209789130764 -1.8649441614903708 0.04075680539605978 77.86138665266117 -1.6125267683160018 0.033057357233545304
0.05466165413533835 97.25123381103549 -2.2085681423034202 0.049829481140423106 90.30277979961102 -1.9362737722706242 0.04116405428905996
0.05962406015037595 110.08558005684972 -2.5724388439194854 0.05976778755174905 103.07747771367212 -2.2813846693186406 0.05012436161468751
0.06458646616541354 123.13589323825363 -2.9551467532905917 0.07055971949013913 116.12164778558872 -2.646454866745671 0.05992931314127029
0.06954887218045112 136.34969971521423 -3.355374373947029 0.08219294408825797 129.37872647869153 -3.0301687758129674 0.07056934506901769
0.07451127819548872 149.68017252660138 -3.771882894530563 0.0946548152885498 142.7981950423782 -3.4312868143930473 0.08203435222530686
0.07947368421052632 163.08526590576002 -4.203501775371365 0.10793238800794805 156.3346401528397 -3.8486352691007255 0.09431373389983833
0.0844360902255639 176.52703543825191 -4.649120477810584 0.12201243218871838 169.94701872716178 -4.281098253750997 0.10739643236285919
0.0893984962406015 189.97109511800045 -5.107681800971875 0.1368814468701487 183.5980727782444 -4.727611241099339 0.12127096617738431
0.0943609022556391 203.38617737429377 -5.5781764466347 0.15252567434319292 197.25385662577173 -5.187155795233764 0.13592545972841918
0.09932330827067669 216.7437718930214 -6.059638537151272 0.16893111440497202 210.88334984918947 -5.658755236074455 0.15134766994343823
0.10428571428571429 230.01782566539987 -6.55114188346829 0.1860835387160525 224.45813666966023 -6.141471037322447 0.16752501089286653
0.10924812030075189 243.18449124716972 -7.051796850321921 0.2039685052393428 237.95213751304254 -6.634399808463854 0.18444457675668247
0.11421052631578947 256.22191345190186 -7.560747702291678 0.22257137274539454 251.34138207363867 -7.136670746965706 0.202093163512572
0.11917293233082707 269.1100469997036 -8.077170340121711 0.24187731534690943 264.6038157386538 -7.647443472209659 0.22045728959614289
0.12413533834586467 281.8304993595211 -8.600270356882675 0.26187133704191956 277.71913311073877 -8.165906172259895 0.23952321572825733
0.12909774436090227 294.3663942704279 -9.129281357893149 0.28253828623431093 290.6686337240717 -8.691274008320136 0.2592769640376081
0.13406015037593985 306.7022523702253 -9.66346349939596 0.30386287019740854 303.435096094865 -9.22278773317521 0.27970433659035854
0.13902255639097746 318.8238860941801 -10.20210221001986 0.3258296694590233 316.00266704732167 -9.75971248823862 0.30079093339268087
0.14398496240601505 330.7183065490008 -10.744507065383516 0.3484231520755022 328.3567638187924 -10.301336750059306 0.3225221699282651
0.14894736842105266 342.3736405081745 -11.290010791783743 0.3716276877723743 340.4839869460593 -10.846971402474082 0.3448832942617912
0.15390977443609025 353.7790560068497 -11.83796837887104 0.39542756192235134 352.3720423226059 -11.395948915284407 0.36785940374317505
0.15887218045112783 364.92469528985566 -12.38775628481028 0.41980698934009786 364.0096710551734 -11.947622612679766 0.39143546132982954
0.16383458646616544 375.80161407852756 -12.938771720061254 0.44475012787152696 375.3865860187834 -12.501366017839189 0.4155963115345713
0.16879699248120303 386.40172629476 -13.490431998120016 0.4702410917559921 386.49341418900076 -13.056572262404757 0.44032669601350466
0.1737593984962406 396.71775352108307 -14.042173943402418 0.4962639647421743 397.32164397536144 -13.612653551039159 0.46561126879408476
0.17872180451127823 406.74317859062467 -14.593453347966147 0.5228028129396046 407.86357690522345 -14.169040672822462 0.4914346111426605
0.1836842105263158 416.4722027955577 -15.143744470055083 0.5498416973909528 418.1122831115881 -14.72518255258376 0.5177812460729687
0.1886466165413534 425.89970627801085 -15.692539568415839 0.5773646863486424 428.06156016046225 -15.280545836230885 0.5446356524932483
0.193609022556391 435.02121123268444 -16.23934846724643 0.6053558672416864 437.70589481985917 -15.834614504926549 0.5719822789863755
0.1985714285714286 443.83284760516653 -16.7836981474116 0.6337993583214399 447.04042743176433 -16.386889513724498 0.5998055572174483
0.20353383458646618 452.33132101387855 -17.325132360165014 0.6626793199753678 456.060918601459 -16.936888451084144 0.6280899149702084
0.2084962406015038 460.51388266097 -17.863211260117623 0.691979965697835 464.76371794998886 -17.484145215872502 0.6568197888009664
0.21345864661654138 468.3783010301677 -18.39751105469037 0.7216855727096576 473.14573471745734 -18.028209709184353 0.68597963630886
0.21842105263157896 475.922835196714 -18.92762366768028 0.7517804922195641 481.20441003207 -18.568647538654773 0.715553948019964
0.22338345864661657 483.1462095978486 -19.453156414912087 0.7822491593217293 488.9376906805601 -19.10503973309187 0.745527258875903
0.22834586466165416 490.04759012941213 -19.973731690148497 0.8130761025215065 496.34400424339947 -19.636982465832602 0.7758841593295192
0.23330827067669174 496.6265614554968 -20.488986659854504 0.8442459528889424 503.4222354718686 -20.164086785275742 0.8066093060419656
0.23827067669172936 502.88310542810996 -20.9985729654627 0.8757434528343069 510.17170379429444 -20.685978351167932 0.8376874321768165
0.24323308270676694 508.8175805290157 -21.50215643208054 0.907553464504924 516.5921418745584 -21.20229717596203 0.8691033572954698
0.24819548872180452 514.4307022550511 -21.999416782689536 0.9396609778012319 522.6836751183819 -21.712697369805937 0.9008419968472243
0.25315789473684214 519.7235243783025 -22.490047357059723 0.9720511180122102 528.446802077473 -22.21684688887052 0.9328883712568251
0.2581203007518797 524.6974210208537 -22.97375483474417 1.0047091530717318 533.8823756667134 -22.71442728590398 0.9652276146073338
0.2630827067669173 529.3540694889771 -23.450258961554937 1.0376205004352763 538.9915851617643 -23.205133463020275 0.9978449829243866
0.2680451127819549 533.695433819722 -23.919292279100375 1.0707707335805452 543.7759389079274 -23.68867342579557 1.0307258620565634
0.27300751879699253 537.7237489968829 -24.380599856999822 1.1041455881343556 548.2372477068502 -24.16476803861309 1.063855775160429
0.2779699248120301 541.4415057990063 -24.83393902751456 1.1377309676311378 552.3776088378727 -24.633150780832864 1.09722038978803
0.2829323308270677 544.851436243368 -25.279079122270474 1.1715129489031022 556.199390682963 -25.0935675037357 1.1308055245873352
0.2878947368421053 547.9564995974888 -25.715801210998706 1.2054777871118412 559.7052179188358 -25.545776187857967 1.1645971556097572
0.29285714285714287 550.7598689287915 -26.143897842083504 1.2396119204230207 562.8979572537992 -25.989546700852088 1.1985814222399302
0.2978195488721805 553.2649181683564 -26.563172784870716 1.2739019743322069 565.7807036808754 -26.42466055566001 1.2327446327461804
0.3027819548872181 555.4752096654092 -26.973440773655028 1.3083347656468025 568.3567672253821 -26.850910669018646 1.2670732694595561
0.30774436090225565 557.3944822121603 -27.374527253336566 1.3428973061317273 570.6296601666099 -27.268101120303925 1.3015539935871012
0.31270676691729327 559.0266395201479 -27.766268126753545 1.377576805826211 572.6030847156899 -27.676046910792593 1.336173649668377
0.3176691729323309 560.375739129744 -28.148509503670084 1.4123606760369705 574.2809211307822 -28.074573723309612 1.3709192696778534
0.32263157894736844 561.4459817385632 -28.521107451549312 1.4472365320201466 575.6672162559116 -28.46351768243298 1.4057780767847987
0.32759398496240605 562.2417009314295 -28.883927748048535 1.4821921953538912 576.7661724673353 -28.842725115270525 1.4407374887747224
0.33255639097744366 562.7673533007405 -29.236845635438925 1.5172156960167673 577.5821370161902 -29.21205231301326 1.475785121144876
0.3375187969924812 563.0275089418092 -29.579745576905538 1.552295274174097 578.1195917527684 -29.57136529328011 1.5109087898771396
0.34248120300751883 563.0268423128396 -29.912521014907497 1.5874193816858337 578.3831432223765 -29.920539563450717 1.5460965138999967
0.34744360902255644 562.7701234475358 -30.235074131662287 1.6225766833431383 578.3775131219063 -30.25945988512413 1.5813365172487082
0.352406015037594 562.2622095083611 -30.547315611792897 1.6577560578396509 578.1075291051743 -30.58802003975495 1.6166172309279596
0.3573684210526316 561.5080366729408 -30.849164407383427 1.692946598494082 577.5781159304183 -30.906122595769688 1.6519272944944845
0.3623308270676692 560.5126123403788 -31.140547505365845 1.7281376137238311 576.7942869373715 -31.213678677130247 1.6872555573595325
0.3672932330827068 559.2810076509559 -31.42139969748993 1.7633186272866794 575.7611358471563 -31.510607733601205 1.7225910798264223
0.3722556390977444 557.8183503083933 -31.69166335288304 1.798479378294651 574.4838288761985 -31.79683731284362 1.757923133871472
0.377218045112782 556.1298176972737 -31.951288193367702 1.8336098210129965 572.9675971552947 -32.072302834441416 1.7932412036758454
0.38218045112781956 554.2206302858594 -32.20023107155993 1.8687001244492383 571.2177294467706 -32.336947366043404 1.828534985920065
0.3871428571428572 552.0960453077441 -32.43845575192702 1.903740671746012 569.2395651513948 -32.59072140171824 1.8637943898486828
0.3921052631578948 549.7613507131423 -32.665932694825955 1.938722059382987 567.0384875977152 -32.833582642663 1.8990095371149753
0.39706766917293235 547.2218593828661 -32.88263884364497 1.9736350961985871 564.6199176074288 -33.065495780435185 1.934170761417396
0.40203007518796996 544.4829035972075 -33.08855741511621 2.0084708022396756 561.9893073279395 -33.28643228273339 1.9692686079315795
0.4069924812030076 541.5498297528552 -33.28367769290185 2.043220407449335 559.1521343259888 -33.49637018191845 2.0042938325533584
0.41195488721804513 538.4279933199678 -33.467994824479746 2.0778753501986196 556.1138959375671 -33.69529386641179 2.039237400957859
0.41691729323308274 535.1227540331797 -33.64150962144376 2.1124272756734657 552.8801038627039 -33.88319387493877 2.074090487484118
0.42187969924812035 531.6394713092168 -33.80422836324823 2.1468680341232558 549.456279002989 -34.06006669386221 2.108844473855991
0.4268421052631579 527.9834998846018 -33.956162604468034 2.181189678979976 545.8479465326832 -34.225914557595814 2.1434909477454127
0.4318045112781955 524.160185666839 -34.0973289856187 2.2153844648556102 542.0606311992601 -34.38074525227532 2.1780217011895857
0.43676691729323314 520.1748617926028 -34.22774904758472 2.249444845425702 538.0998528428436 -34.52457192259945 2.2124287288663163
0.4417293233082707 516.0328448865625 -34.347449049690965 2.2833634712063238 533.9711221341886 -34.657412882139795 2.2467042262413246
0.4466917293233083 511.73943151468256 -34.456459791456865 2.3171331872323293 529.6799365198726 -34.779291426973 2.280840587589407
0.4516541353383459 507.2998948257209 -34.55481643805223 2.350747030643338 525.2317763715578 -34.89023565282889 2.3148304039029832
0.4566165413533835 502.7194813751871 -34.642558349493896 2.3841982281855665 520.6321013318902 -34.99027827572266 2.348666460690862
0.4615789473684211 498.0034081254762 -34.719728913578564 2.417480193634738 515.8863468519949 -35.07945645617298 2.382341735678532
0.4665413533834587 493.15685961666986 -34.786375382581355 2.4505865251477688 510.9999209140983 -35.15781162700395 2.415849396414572
0.47150375939849626 488.1849853023334 -34.842548713732214 2.4835110025499767 505.9782009339074 -35.22538932478727 2.449182797791823
0.47646616541353387 483.09289704430466 -34.88830341344266 2.5162475845617402 500.8265308367595 -35.282239024933006 2.482335479489124
0.4814285714285715 477.88566676154096 -34.92369738532048 2.5487904059732713 495.5502183022045 -35.328413980464745 2.515301163341097
0.48639097744360904 472.56832422722005 -34.948791781937246 2.5811337747713567 490.1545321712383 -35.36397106447862 2.5480737506415574
0.49135338345864665 467.1458550090165 -34.963650860351095 2.613272169224235 484.6447000110245 -35.388970616309564 2.58064731938751
0.49631578947368427 461.62319854729276 -34.96834184136475 2.6452002349297254 479.0259058315687 -35.40347629140257 2.613016121469484
0.5012781954887219 456.0052463661302 -34.9629347725006 2.6769127818315823 473.30328794903494 -35.40755491487843 2.6451745798130775
0.5062406015037594 450.2968404124192 -34.94750239468209 2.7084047812097993 467.48193699081276 -35.401276338811186 2.6771172854790075
0.511203007518797 444.50277151773184 -34.92212001256749 2.739671362647526 461.56689403690257 -35.38471330318191 2.708838994725108
0.5161654135338346 438.62777797869194 -34.886865368539205 2.7707078109813184 455.5631488929753 -35.357941300517666 2.74033462603704
0.5211278195488722 432.6765442509386 -34.84181852030001 2.8015095632378797 449.47563848994014 -35.32103844417854 2.771599257131335
0.5260902255639098 426.6536997520843 -34.787061722034395 2.832072205560781 443.3092454053999 -35.274085340283335 2.80262812193635
0.5310526315789474 420.5638177694566 -34.72267930911552 2.8623914701323487 437.0687965021739 -35.217164963237295 2.833416607554716
0.536015037593985 414.4114144680525 -34.64875758629947 2.8924632320932027 430.7590616794712 -35.15036253484921 2.8639602512130686
0.5409774436090226 408.20094799470917 -34.56538471938012 2.922283506464005 424.3847527319658 -35.07376540698354 2.8942547372011185
0.5459398496240602 401.9368176740968 -34.4726506302399 2.951848445071282 417.95052231259274 -34.98746294773217 2.924295893805818
0.5509022556390978 395.6233632928413 -34.37064689527351 2.9811543334822703 411.4609629946467 -34.89154643105657 2.9540796902432342
0.5558646616541354 389.26486446759964 -34.259466647115545 3.0101975879501865 404.9206064290722 -34.786108929866955 2.983602233592317
0.560827067669173 382.86554009337283 -34.13920447962795 3.038974752373177 398.3339225926079 -34.67124521247699 3.012859765732302
0.5657894736842106 376.42954786843984 -34.00995635610302 3.067482495270204 391.7053191232869 -34.54705164242928 3.0418486602903507
0.5707518796992481 369.9609838922222 -33.87181952062102 3.0957176067757453 385.0391407387415 -34.413626081590294 3.0705654195978136
0.5757142857142857 363.46388233252014 -33.724892412501745 3.1236769956549986 378.33966873413783 -34.27106779651746 3.0990066716622175
0.5806766917293233 356.942215158949 -33.569274583815655 3.1513576863436286 371.61112055558965 -34.11947736800957 3.127169167154483
0.585639097744361 350.39989193900465 -33.40506661987183 3.1787568160117736 364.85764944567245 -33.95895660380701 3.155049776415378
0.5906015037593986 343.8407596937883 -33.232370062647774 3.2058716316561124 358.08334415761124 -33.7896084543939 3.1826454864839975
0.5955639097744362 337.2686028101574 -33.051287337089875 3.2326994872205406 351.29222873449 -33.61153693182544 3.209953398148585
0.6005263157894737 330.6871430063736 -32.861921680233564 3.2592378407478124 344.4882623504577 -33.42484703154891 3.236970723023706
0.6054887218045113 324.1000393482966 -32.66437707308049 3.285484251563137 337.675339210557 -33.229644657146366 3.2636947806544185
0.6104511278195489 317.5108883133274 -32.458758175174594 3.311436377491276 330.85728850618307 -33.02603654795257 3.2901229956500835
0.6154135338345865 310.9232238993859 -32.245170261819965 3.337091972108573 324.03787442304736 -32.81413020947758 3.31625289484822
0.6203759398496241 304.34051777629634 -32.02371916387983 3.362448882030887 317.2207961988736 -32.59403384659261 3.34208210451163
0.6253383458646617 297.7661794770472 -31.794511210100367 3.387505044238801 310.4096882278899 -32.36585629940595 3.3676083475585608
0.6303007518796993 291.2035566263901 -31.55765317189085 3.412258483440084 303.6081202094522 -32.12970698177868 3.3928294408281703
0.6352631578947369 284.65593520458344 -31.313252210518954 3.4367073094720313 296.81959733816495 -31.885695822420615 3.4177432923822346
0.6402255639097745 278.12653984376334 -31.0614158266399 3.460849714742168 290.047560532836 -31.633933208500437 3.4423478988439293
0.6451879699248121 271.6185341549989 -30.802251812126443 3.4846839717105063 283.2953867020992 -31.374529931729114 3.466641342775118
0.6501503759398497 265.13502108366697 -30.53586820411809 3.5082084304115924 276.56638904388944 -31.107597136831544 3.4906217900923076
0.6551127819548873 258.67904329129306 -30.262373241251396 3.531421516018754 269.86381737682166 -30.833246272369507 3.5142874875227634
0.6600751879699249 252.25358356176162 -29.981875322000775 3.554321726449622 263.1908585013 -30.551589043859423 3.5376367601012335
0.6650375939849624 245.86156523006264 -29.69448296508051 3.5769076300139737 256.55063658771144 -30.262737369096726 3.560668008707605
0.67 239.50585263178937 -29.400304771854834 3.599177863104478 249.94621359041219 -29.966803335674342 3.5833797076464586
0.6749624060150377 233.18925157153535 -29.09944939069196 3.621131127929698 243.38058968491885 -29.66389916060257 3.605770402268567
0.6799248120300753 226.91450980860736 -28.792025483215525 3.6427661902900823 236.85670372668824 -29.35413715199053 3.6278387066349347
0.6848872180451129 220.68431755842926 -28.47814169240185 3.6640818773977224 230.37743372960745 -29.037629672733075 3.649583301224139
0.6898496240601505 214.50130800800423 -28.157906612457424 3.685077075738075 223.94559736238955 -28.714489106139894 3.6710029306819707
0.694812030075188 208.36805784408034 -27.831428760441938 3.7057507289758504 217.56395246125578 -28.384827823462402 3.692096401615051
0.6997744360902256 202.28708779250695 -27.498816549573633 3.726101835903665 211.23519755723504 -28.048758153257637 3.7128625804273767
0.7047368421052632 196.26086316744414 -27.160178264170128 3.74612944843361 204.9619724165613 -27.706392352541613 3.733300391200772
0.7096992481203008 190.29179442913443 -26.815622036177487 3.7658326696320863 198.74685859264463 -27.35784257967498 3.7534088136185333
0.7146616541353384 184.38223774898933 -26.465255823238508 3.785210651797553 192.5923799882343 -27.003220868936097 3.7731868809329763
0.719624060150376 178.5344955807567 -26.109187388247314 3.804262594580365 186.50100342632368 -26.642639106721013 3.7926336779757683
0.7245864661654136 172.75081723669734 -25.747524280353474 3.822987743145757 180.4751392286184 -26.276209009336988 3.811748339212735
0.7295488721804512 167.03339946760855 -25.380373817359818 3.841385386378436 174.51714180015205 -25.904042102320908 3.8305300468406593
0.7345112781954888 161.38438704572576 -25.007843069478696 3.8594548551296897 168.6293102189979 -25.52624970125268 3.8489780289280624
0.7394736842105264 155.80587334943806 -24.63003884439378 3.877195520505586 162.8138888298352 -25.142942894005934 3.867091557598364
0.744436090225564 150.29990094892418 -24.247067673591516 3.89460679219687 157.07306784032068 -24.754232524395178 3.884869947256034
0.7493984962406016 144.86846219177977 -23.859035799916775 3.9116881168496436 151.40898391919757 -24.360229177171078 3.902312552854724
0.7543609022556391 139.5134997877865 -23.466049166313198 3.9284389764768415 145.82372079516477 -23.9610431643235 3.919418768207813
0.7593233082706767 134.23690739199634 -23.06821340570766 3.9448588869099503 140.31930985552953 -23.556784512645564 3.9361880243405794
0.7642857142857143 129.04053018535058 -22.665633831998626 3.9609473962903934 134.89773074376598 -23.147562952519742 3.952619787883956
0.769248120300752 123.9261654521033 -22.258415432113182 3.9767040836007284 129.56091195508947 -22.73348790788213 3.968713559509223
0.7742105263157896 118.89556315333056 -21.846662859092305 3.992128557234655 124.31073142923276 -22.31466848732571 3.9844688724036184
0.7791729323308272 113.95042649585994 -21.43048042616944 4.007220453605733 119.14901713965895 -21.891213476304912 3.999885290786365
0.7841353383458647 109.09241249598955 -21.00997210180759 4.021979435794378 114.07754767842755 -21.463231330398507 4.01496240846442
0.7890977443609023 104.32313253738636 -20.58524150565915 4.036405192232593 109.0980528360466 -21.030830169598822 4.029699847428269
0.7940601503759399 99.64415292258812 -20.156391905414736 4.05049743542599 104.21221417560923 -20.59411777358585 4.044097256486418
0.7990225563909775 95.05699541758213 -19.723526214509995 4.064255900712763 99.42166560059309 -20.15320157795386 4.05815430993907
0.8039849624060151 90.56313778892346 -19.2867469906558 4.07768034505907 94.72799391570416 -19.708188671353177 4.07187070628985
0.8089473684210527 86.1640143329262 -18.846156435163053 4.090770545890454 90.13273938020362 -19.25918579351555 4.085246166995722
0.8139097744360902 81.86101639645273 -18.401856393029647 4.103526299958611 85.63739625315631 -18.806299334126713 4.098280435254073
0.8188721804511279 77.65549288887846 -17.953948353762854 4.1159474222435986 81.24341333010554 -18.34963533251819 4.110973274827272
0.8238345864661655 73.54875078480404 -17.502533452904572 4.128033744890225 76.95219447066279 -17.8892994781418 4.12332446890343
0.8287969924812031 69.54205561714721 -17.04771247423588 4.139785116179053 72.76509911657232 -17.425397111800855 4.135333818993655
0.8337593984962407 65.63663196022574 -16.58958585262974 4.151201399530818 68.68344279979522 -16.958033227604602 4.147001143864916
0.8387218045112783 61.83366390250191 -16.12825367752791 4.1622824725443 64.70849764021423 -16.48731247561914 4.15832627850827
0.8436842105263158 58.13429550865794 -15.663815697015878 4.1730282260671325 60.84149283256383 -16.013339165185513 4.169309073142028
0.8486466165413534 54.53963127068836 -15.1963713224693 4.183438563298802 57.08361512221016 -15.536217268876324 4.179949392249329
0.853609022556391 51.050736547733976 -14.726019633750042 4.193513398925928 53.43600926945622 -15.056050427066772 4.190247113649736
0.8585714285714287 47.668637994371295 -14.252859384925479 4.20325265828893 49.899778502020084 -14.572941953091004 4.200202127604659
0.8635338345864663 44.394323977116414 -13.776989010490404 4.212656276580015 46.47598495539583 -14.086994838959779 4.209814335955775
0.8684962406015039 41.22874497889231 -13.298506632067472 4.22172419807193 43.165650100799056 -13.598311761613818 4.219083651296449
0.8734586466165414 38.17281399124083 -12.81751006556459 4.230456375377018 39.969755160445075 -13.106995089691669 4.228009996175513
0.878421052631579 35.227406894068864 -12.334096828768818 4.238852768736427 36.88924150985447 -12.613146890780381 4.236593302333135
0.8833834586466166 32.393362822729486 -11.848364149355188 4.246913345338882 33.92501106702112 -12.116868939137913 4.244833509968368
0.8883458646616542 29.67148452225573 -11.360408973290646 4.254638078668724 31.07792666815189 -11.618262723854357 4.252730567038036
0.8933082706766918 27.0625386885727 -10.870327973613382 4.2620269478829655 28.348812429804717 -11.11742945743567 4.260284428586509
0.8982706766917294 24.567256296529962 -10.378217559568611 4.269079937216856 25.73845409721703 -10.61447008478726 4.267495056106229
0.9032330827067669 22.18633291460236 -9.88417388608189 4.275797035417768 23.247599378641247 -10.109485292575997 4.274362416928409
0.9081954887218046 19.920429006120685 -9.388292863551722 4.282178235207006 20.876958265519917 -9.602575518951465 4.280886483643756
0.9131578947368422 17.770170216903153 -8.890670167944123 4.2882235327692975 18.627203338337516 -9.093840963605647 4.28706723355283
0.9181203007518798 15.736147649166497 -8.391401251171317 4.293932927269624 16.498970058004225 -8.583381598152574 4.292904648145829
0.9230827067669174 13.818918121604995 -7.8905813517376036 4.299306420397085 14.492857042630114 -8.071297176807843 4.298398712611338
0.928045112781955 12.019004415536976 -7.388305505636472 4.3043440159357305 12.609426329566496 -7.557687247350671 4.303549415374009
0.9330075187969925 10.33689550702006 -6.884668557481753 4.309045719361771 10.84920362259421 -7.0426511623494825 4.30835674766073
0.9379699248120301 8.773046784851235 -6.379765171857828 4.313411537467278 9.212678524149965 -6.526288090633223 4.3128207030951105
0.9429323308270677 7.3278802543689885 -5.8736898448726595 4.31744147800989 7.700304752495228 -6.008697028992147 4.316941277320069
0.9478947368421053 6.0017847269866476 -5.366536915898937 4.32113554938848 6.312500343728864 -5.489976814088697 4.320718467648278
0.952857142857143 4.7951159953871585 -4.8584005794876415 4.324493760344499 5.049647838568038 -4.970226134563994 4.324152272740283
0.9578195488721806 3.708196994321362 -4.349374897439864 4.327516119688861 3.912094453816568 -4.4495435433217825 4.327242692310078
0.9627819548872181 2.7413179469554247 -3.8395538110223875 4.330202636054167 2.900152238454064 -3.9280274699740234 4.3299897268580345
0.9677443609022557 1.8947364967156428 -3.32903115331197 4.332553317672169 2.014098214286019 -3.405776233432295 4.332393377430944
0.9727067669172933 1.1686778245911986 -2.8179006616552984 4.334568172176276 1.2541745010980252 -2.8828880546288076 4.334453645409128
0.9776691729323309 0.5633347518539265 -2.3062559902295536 4.336247206429032 0.6205884262684203 -2.359461069351143 4.336170532320371
0.9826315789473685 0.07886782816441862 -1.7941907226908693 4.337590426374408 0.11351261879712315 -1.8355933411757364 4.337544039680695
0.9875939849624061 -0.2845945949647951 -1.28179838489605 4.3385978369149285 -0.2669149122839749 -1.311382874484349 4.338574168861773
0.9925563909774437 -0.5269563053713189 -0.7691724576847792 4.339269441813357 -0.5205907151482112 -0.786927627548385 4.3392609209850175
0.9975187969924812 -0.648153186128545 -0.2564063897083683 4.339605243619087 -0.6474458480824388 -0.2623255256655581 4.3396042968421025
1.0024812030075188 -0.6481531861285323 0.2564063897083542 4.339605243619086 -0.6474458480824385 0.26232552566555967 4.3396042968421025
1.0074436090225565 -0.5269563053713069 0.7691724576848131 4.339269441813357 -0.5205907151482196 0.7869276275484012 4.339260920985016
1.012406015037594 -0.28459459496477835 1.281798384896054 4.3385978369149285 -0.26691491228396447 1.3113828744843663 4.338574168861774
1.0173684210526317 0.07886782816442328 1.7941907226908742 4.33759042637441 0.11351261879712093 1.8355933411757661 4.337544039680691
1.0223308270676692 0.5633347518539455 2.3062559902295714 4.336247206429029 0.6205884262683798 2.35946106935112 4.336170532320371
1.027293233082707 1.1686778245912062 2.817900661655303 4.334568172176276 1.2541745010980514 2.882888054628828 4.3344536454091305
1.0322556390977444 1.894736496715696 3.3290311533119956 4.33255331767217 2.014098214286096 3.405776233432335 4.332393377430945
1.0372180451127821 2.7413179469554496 3.8395538110224017 4.330202636054167 2.9001522384542238 3.928027469974097 4.3299897268580345
1.0421804511278197 3.708196994321355 4.34937489743986 4.327516119688859 3.9120944538166107 4.449543543321806 4.327242692310083
1.0471428571428572 4.795115995387102 4.858400579487622 4.324493760344497 5.049647838568191 4.970226134564065 4.324152272740285
1.0521052631578949 6.00178472698674 5.366536915898969 4.321135549388474 6.312500343728951 5.489976814088735 4.320718467648278
1.0570676691729324 7.327880254369051 5.873689844872674 4.317441478009885 7.700304752495221 6.008697028992142 4.316941277320066
1.06203007518797 8.773046784851243 6.37976517185783 4.3134115374672755 9.212678524149933 6.526288090633209 4.3128207030951105
1.0669924812030076 10.336895507020063 6.884668557481753 4.309045719361771 10.849203622594132 7.042651162349459 4.30835674766073
1.071954887218045 12.019004415537026 7.388305505636483 4.3043440159357305 12.609426329566475 7.55768724735066 4.3035494153740075
1.0769172932330828 13.818918121605133 7.890581351737632 4.299306420397085 14.492857042630277 8.071297176807892 4.298398712611338
1.0818796992481203 15.736147649166455 8.39140125117131 4.2939329272696165 16.49897005800407 8.583381598152531 4.292904648145829
1.086842105263158 17.770170216903324 8.890670167944172 4.288223532769302 18.62720333833755 9.09384096360565 4.287067233552827
1.0918045112781956 19.920429006120614 9.388292863551701 4.282178235207002 20.876958265519548 9.602575518951387 4.280886483643752
1.0967669172932333 22.18633291460241 9.884173886081896 4.275797035417765 23.24759937864141 10.109485292576025 4.2743624169284065
1.1017293233082708 24.567256296529976 10.378217559568618 4.269079937216852 25.73845409721742 10.614470084787335 4.267495056106229
1.1066917293233083 27.0625386885728 10.870327973613396 4.2620269478829655 28.348812429804703 11.117429457435673 4.26028442858651
1.111654135338346 29.67148452225578 11.360408973290646 4.254638078668721 31.07792666815208 11.618262723854386 4.252730567038034
1.1166165413533835 32.39336282272964 11.84836414935522 4.246913345338882 33.92501106702133 12.116868939137952 4.244833509968373
1.1215789473684212 35.227406894069006 12.334096828768857 4.238852768736433 36.8892415098549 12.613146890780445 4.236593302333134
1.1265413533834587 38.172813991240986 12.817510065564623 4.230456375377021 39.969755160444876 13.106995089691647 4.228009996175514
1.1315037593984962 41.22874497889255 13.298506632067522 4.221724198071934 43.165650100799 13.598311761613818 4.2190836512964545
1.136466165413534 44.394323977116755 13.776989010490468 4.212656276580027 46.475984955395774 14.086994838959765 4.2098143359557785
1.1414285714285715 47.66863799437125 14.252859384925454 4.203252658288923 49.89977850202031 14.572941953091043 4.200202127604662
1.1463909774436092 51.050736547734076 14.72601963375006 4.193513398925927 53.43600926945638 15.056050427066776 4.190247113649731
1.1513533834586467 54.539631270688446 15.196371322469307 4.183438563298801 57.083615122209935 15.536217268876282 4.179949392249322
1.1563157894736844 58.134295508658155 15.663815697015906 4.173028226067133 60.84149283256343 16.01333916518547 4.169309073142036
1.161278195488722 61.833663902502295 16.128253677527958 4.162282472544305 64.70849764021517 16.487312475619277 4.158326278508275
1.1662406015037594 65.63663196022532 16.589585852629646 4.151201399530795 68.68344279979547 16.958033227604602 4.147001143864899
1.1712030075187971 69.54205561714724 17.04771247423585 4.139785116179041 72.76509911657314 17.42539711180096 4.135333818993656
1.1761654135338346 73.54875078480418 17.502533452904572 4.1280337448902245 76.95219447066702 17.88929947814229 4.123324468903431
1.1811278195488724 77.6554928888788 17.953948353762897 4.1159474222435986 81.24341333011381 18.349635332519114 4.110973274827267
1.1860902255639099 81.86101639645335 18.401856393029753 4.1035262999586255 85.63739625315665 18.806299334126756 4.098280435254073
1.1910526315789474 86.16401433292651 18.84615643516308 4.09077054589045 90.13273938020401 19.259185793515584 4.085246166995722
1.196015037593985 90.563137788924 19.286746990655885 4.077680345059081 94.72799391570425 19.708188671353213 4.071870706289863
1.2009774436090226 95.05699541758247 19.723526214510038 4.064255900712766 99.4216656005938 20.15320157795393 4.058154309939074
1.2059398496240603 99.64415292258857 20.156391905414793 4.0504974354259895 104.2122141756094 20.594117773585886 4.0440972564864275
1.2109022556390978 104.32313253738602 20.585241505659106 4.036405192232589 109.09805283604695 21.03083016959885 4.029699847428269
1.2158646616541355 109.09241249599015 21.009972101807634 4.021979435794375 114.07754767842755 21.46323133039852 4.0149624084644255
1.220827067669173 113.95042649585989 21.430480426169403 4.00722045360572 119.14901713965872 21.891213476304863 3.999885290786356
1.2257894736842105 118.89556315333084 21.846662859092334 3.992128557234655 124.31073142923248 22.31466848732569 3.9844688724036184
1.2307518796992483 123.92616545210382 22.258415432113246 3.9767040836007355 129.5609119550893 22.73348790788215 3.968713559509235
1.2357142857142858 129.0405301853508 22.66563383199864 3.9609473962903943 134.89773074376598 23.14756295251972 3.9526197878839504
1.2406766917293235 134.2369073919961 23.068213405707574 3.9448588869099277 140.3193098555298 23.556784512645628 3.9361880243405922
1.245639097744361 139.5134997877867 23.466049166313233 3.9284389764768477 145.82372079516466 23.961043164323492 3.919418768207813
1.2506015037593985 144.86846219178 23.85903579991679 3.911688116849639 151.4089839191983 24.360229177171107 3.902312552854717
1.2555639097744362 150.2999009489252 24.24706767359165 3.8946067921968854 157.0730678403212 24.754232524395235 3.88486994725604
1.2605263157894737 155.8058733494388 24.630038844393887 3.8771955205056026 162.81388882983492 25.142942894005884 3.867091557598352
1.2654887218045114 161.38438704572656 25.007843069478795 3.859454855129699 168.62931021899715 25.52624970125259 3.848978028928048
1.270451127819549 167.0333994676085 25.38037381735981 3.841385386378435 174.51714180015097 25.904042102320822 3.8305300468406607
1.2754135338345867 172.75081723669587 25.747524280353296 3.8229877431457355 180.47513922861845 26.27620900933698 3.811748339212729
1.2803759398496242 178.534495580758 26.10918738824749 3.804262594580385 186.50100342632658 26.64263910672132 3.7926336779757976
1.2853383458646617 184.38223774898944 26.46525582323852 3.7852106517975566 192.59237998823164 27.00322086893577 3.77318688093294
1.2903007518796994 190.29179442913448 26.815622036177473 3.76583266963208 198.74685859264463 27.357842579674937 3.7534088136185226
1.295263157894737 196.26086316744318 27.160178264169943 3.7461294484335816 204.96197241656176 27.706392352541656 3.7333003912007756
1.3002255639097746 202.28708779250672 27.49881654957356 3.726101835903653 211.23519755723396 28.04875815325751 3.7128625804273576
1.3051879699248121 208.36805784407977 27.831428760441852 3.70575072897584 217.56395246125896 28.384827823462686 3.69209640161507
1.3101503759398498 214.5013080080074 28.157906612457836 3.685077075738125 223.94559736239114 28.714489106140093 3.67100293068199
1.3151127819548873 220.68431755843062 28.478141692401948 3.6640818773977344 230.37743372960847 29.03762967273319 3.64958330122415
1.3200751879699248 226.91450980860918 28.79202548321571 3.642766190290101 236.85670372668676 29.3541371519904 3.6278387066349262
1.3250375939849626 233.1892515715325 29.099449390691603 3.621131127929651 243.38058968491703 29.663899160602327 3.6057704022685373
1.33 239.5058526317871 29.400304771854607 3.599177863104457 249.94621359041128 29.9668033356742 3.58337970764644
1.3349624060150378 245.86156523006025 29.69448296508024 3.576907630013944 256.5506365877169 30.262737369097252 3.5606680087076548
1.3399248120300753 252.25358356175923 29.981875322000533 3.554321726449591 263.190858501299 30.551589043859252 3.5376367601012064
1.3448872180451128 258.67904329129465 30.262373241251538 3.5314215160187645 269.8638173768204 30.833246272369365 3.5142874875227457
1.3498496240601505 265.13502108366345 30.535868204117676 3.5082084304115426 276.5663890438915 31.107597136831686 3.4906217900923147
1.354812030075188 271.61853415499627 30.8022518121261 3.4846839717104636 283.2953867020999 31.374529931729057 3.466641342775099
1.3597744360902257 278.1265398437623 31.061415826639774 3.4608497147421495 290.0475605328437 31.633933208501006 3.4423478988439578
1.3647368421052632 284.65593520458424 31.313252210519025 3.436707309472042 296.8195973381718 31.885695822421056 3.4177432923822466
1.369699248120301 291.20355662639224 31.557653171891033 3.4122584834401053 303.6081202094856 32.12970698178049 3.3928294408281823
1.3746616541353385 297.76617947704665 31.79451121010031 3.3875050442387966 310.4096882278893 32.36585629940588 3.3676083475585514
1.379624060150376 304.34051777629884 32.02371916388009 3.3624488820309155 317.2207961988761 32.594033846592836 3.342082104511649
1.3845864661654137 310.9232238993843 32.24517026181981 3.3370919721085537 324.03787442304895 32.814130209477696 3.3162528948482297
1.3895488721804512 317.5108883133274 32.45875817517461 3.311436377491276 330.85728850618307 33.02603654795254 3.2901229956500773
1.394511278195489 324.100039348299 32.664377073080644 3.285484251563146 337.6753392105561 33.22964465714632 3.263694780654416
1.3994736842105264 330.6871430063718 32.86192168023338 3.259237840747791 344.4882623504528 33.42484703154844 3.2369707230236657
1.404436090225564 337.2686028101557 33.05128733708973 3.232699487220529 351.29222873449226 33.611536931825526 3.2099533981485884
1.4093984962406017 343.840759693789 33.2323700626478 3.205871631656109 358.0833441576099 33.78960845439377 3.182645486483987
1.4143609022556392 350.3998919390049 33.405066619871846 3.1787568160117736 364.85764944567677 33.95895660380735 3.1550497764154017
1.4193233082706769 356.9422151589522 33.56927458381598 3.151357686343657 371.61112055559556 34.11947736801007 3.127169167154528
1.4242857142857144 363.4638823325208 33.724892412501774 3.1236769956549986 378.3396687341394 34.271067796517656 3.09900667166224
1.429248120300752 369.9609838922204 33.87181952062075 3.0957176067757155 385.039140738741 34.41362608159028 3.0705654195978136
1.4342105263157896 376.42954786844825 34.00995635610374 3.0674824952702666 391.7053191232842 34.54705164242917 3.0418486602903507
1.439172932330827 382.8655400933674 34.13920447962745 3.038974752373133 398.3339225926172 34.67124521247776 3.0128597657323617
1.4441353383458648 389.26486446760623 34.25946664711606 3.0101975879502305 404.92060642907654 34.78610892986735 2.9836022335923547
1.4490977443609023 395.6233632928438 34.37064689527375 2.981154333482293 411.4609629946535 34.891546431057264 2.9540796902433017
1.45406015037594 401.9368176740941 34.47265063023967 2.9518484450712656 417.950522312595 34.98746294773241 2.9242958938058394
1.4590225563909776 408.20094799471576 34.565384719380646 2.922283506464043 424.3847527319674 35.0737654069836 2.8942547372011185
1.463984962406015 414.411414468055 34.648757586299666 2.892463232093217 430.7590616794696 35.15036253484901 2.8639602512130446
1.4689473684210528 420.5638177694693 34.72267930911654 2.862391470132432 437.0687965021734 35.21716496323728 2.833416607554716
1.4739097744360903 426.6536997520807 34.78706172203411 2.8320722055607597 443.30924540540514 35.27408534028369 2.8026281219363733
1.478872180451128 432.6765442509443 34.84181852030051 2.801509563237926 449.4756384899588 35.32103844417999 2.7715992571314487
1.4838345864661655 438.6277779787031 34.886865368540086 2.770707810981387 455.56314889298096 35.35794130051795 2.7403346260370527
1.4887969924812032 444.5027715177264 34.922120012567035 2.7396713626474907 461.56689403690666 35.38471330318217 2.7088389947251224
1.4937593984962407 450.29684041242695 34.947502394682715 2.7084047812098477 467.48193699080593 35.40127633881076 2.6771172854789826
1.4987218045112782 456.00524636613227 34.96293477250077 2.6769127818316 473.3032879490438 35.407554914878915 2.6451745798131
1.503684210526316 461.62319854728116 34.968341841363895 2.645200234929665 479.0259058315594 35.40347629140189 2.6130161214694305
1.5086466165413535 467.14585500901353 34.96365086035081 2.6132721692242122 484.6447000110363 35.3889706163103 2.5806473193875576
1.5136090225563912 472.5683242272303 34.948791781937985 2.5811337747714065 490.15453217123695 35.36397106447836 2.5480737506415325
1.5185714285714287 477.88566676153846 34.92369738532031 2.548790405973256 495.5502183021915 35.32841398046392 2.5153011633410465
1.5235338345864662 483.0928970443015 34.88830341344237 2.5162475845617154 500.82653083676973 35.28223902493349 2.482335479489149
1.528496240601504 488.18498530232273 34.842548713731475 2.4835110025499256 505.9782009339024 35.225389324786846 2.4491827977917966
1.5334586466165414 493.15685961666895 34.78637538258127 2.450586525147756 510.9999209141165 35.15781162700503 2.4158493964146333
1.5384210526315791 498.0034081254789 34.71972891357865 2.417480193634738 515.886346851978 35.079456456171926 2.382341735678468
1.5433834586466166 502.7194813752035 34.642558349494976 2.384198228185641 520.6321013318957 34.9902782757228 2.348666460690862
1.5483458646616544 507.2998948257273 34.5548164380526 2.3507470306433618 525.231776371546 34.89023565282804 2.3148304039029193
1.5533082706766919 511.73943151468075 34.45645979145672 2.3171331872323173 529.6799365198726 34.77929142697292 2.2808405875893953
1.5582706766917294 516.0328448865689 34.34744904969139 2.28336347120635 533.9711221341754 34.65741288213866 2.246704226241235
1.563233082706767 520.1748617925819 34.22774904758336 2.2494448454256144 538.0998528428436 34.524571922599364 2.2124287288663043
1.5681954887218046 524.1601856668331 34.097328985618276 2.2153844648555863 542.0606311992647 34.38074525227523 2.1780217011895595
1.5731578947368423 527.9834998845718 33.95616260446607 2.181189678979848 545.8479465327196 34.22591455759769 2.1434909477455024
1.5781203007518798 531.63947130921 33.8042283632478 2.14686803412323 549.4562790030327 34.06006669386417 2.1088444738560668
1.5830827067669173 535.1227540331774 33.64150962144356 2.1124272756734563 552.8801038627535 33.88319387494093 2.074090487484196
1.588045112781955 538.4279933199746 33.4679948244802 2.077875350198648 556.1138959376153 33.69529386641335 2.039237400957868
1.5930075187969925 541.5498297528688 33.2836776929027 2.0432204074493896 559.1521343260415 33.4963701819195 2.0042938325532917
1.5979699248120303 544.4829035972193 33.088557415116924 2.0084708022397137 561.9893073280268 33.286432282735575 1.9692686079315322
1.6029323308270678 547.221859382877 32.882638843645594 1.973635096198625 564.6199176074074 33.06549578043399 1.9341707614173274
1.6078947368421055 549.76135071315 32.66593269482641 1.938722059383013 567.038487597722 32.833582642663174 1.8990095371149753
1.612857142857143 552.0960453077523 32.43845575192748 1.9037406717460403 569.2395651513557 32.590721401716166 1.8637943898485738
1.6178195488721805 554.2206302858608 32.200231071559955 1.8687001244492383 571.217729446767 32.33694736604295 1.828534985920027
1.6227819548872182 556.1298176972537 31.951288193366565 1.8336098210129301 572.9675971552879 32.072302834440876 1.7932412036758074
1.6277443609022557 557.8183503084383 31.69166335288554 1.7984793782947932 574.4838288761835 31.79683731284277 1.757923133871427
1.6327067669172934 559.2810076509277 31.421399697488397 1.7633186272865942 575.761135847149 31.510607733600835 1.722591079826401
1.637669172932331 560.5126123403747 31.140547505365646 1.728137613723824 576.7942869374106 31.21367867713232 1.6872555573596462
1.6426315789473687 561.508036672954 30.849164407384194 1.6929465984941268 577.5781159304397 30.906122595770682 1.6519272944945318
1.6475939849624062 562.2622095083948 30.547315611794687 1.6577560578397457 578.1075291051584 30.5880200397541 1.6166172309279123
1.6525563909774437 562.7701234475144 30.235074131661094 1.622576683343072 578.3775131218836 30.25945988512285 1.5813365172486347
1.6575187969924814 563.0268423129155 29.912521014911448 1.587419381686042 578.3831432224156 29.920539563452905 1.5460965139001126
1.662481203007519 563.0275089418014 29.579745576905168 1.552295274174078 578.1195917527466 29.571365293278973 1.510908789877078
1.6674436090225566 562.7673533007178 29.23684563543759 1.5172156960166916 577.5821370162203 29.21205231301471 1.475785121144952
1.6724060150375941 562.2417009314522 28.883927748049672 1.4821921953539505 576.7661724673117 28.84272511526916 1.4407374887746465
1.6773684210526316 561.4459817385668 28.52110745154937 1.4472365320201466 575.6672162558934 28.463517682431956 1.4057780767847394
1.6823308270676693 560.3757391297468 28.14850950367014 1.4123606760369705 574.2809211307776 28.07457372330947 1.3709192696778534
1.6872932330827068 559.0266395201288 27.766268126752635 1.3775768058261662 572.6030847156926 27.676046910792678 1.336173649668377
1.6922556390977446 557.3944822121675 27.37452725333688 1.3428973061317415 570.6296601665545 27.268101120301225 1.3015539935869662
1.697218045112782 555.4752096653783 26.973440773653465 1.3083347656467268 568.3567672252866 26.850910669014127 1.2670732694593454
1.7021804511278198 553.2649181683319 26.563172784869465 1.2739019743321454 565.7807036809054 26.424660555661404 1.2327446327462444
1.7071428571428573 550.7598689288516 26.143897842086346 1.2396119204231582 562.8979572538228 25.989546700853367 1.1985814222399942
1.7121052631578948 547.9564995975434 25.71580121100132 1.2054777871119644 559.7052179188722 25.545776187859616 1.1645971556098331
1.7170676691729325 544.8514362433407 25.27907912226914 1.1715129489030383 556.1993906830367 25.093567503738882 1.1308055245874749
1.72203007518797 541.4415057989736 24.83393902751314 1.1377309676310738 552.3776088379673 24.63315078083724 1.0972203897882338
1.7269924812030077 537.7237489969139 24.380599857001187 1.1041455881344195 548.237247706892 24.16476803861491 1.063855775160505
1.7319548872180452 533.6954338197565 23.919292279101853 1.0707707335806091 543.7759389079783 23.688673425797447 1.030725862056639
1.7369172932330827 529.3540694890453 23.450258961557893 1.0376205004354042 538.9915851617698 23.20513346302039 0.9978449829243866
1.7418796992481205 524.6974210208618 22.97375483474451 1.004709153071739 533.8823756666889 22.714427285902673 0.9652276146072675
1.746842105263158 519.7235243782761 22.490047357058472 0.9720511180121534 528.4468020774248 22.216846888867792 0.932888371256683
1.7518045112781957 514.4307022551338 21.999416782693118 0.9396609778013858 522.6836751184328 21.712697369807017 0.9008419968472243
1.7567669172932332 508.8175805290175 21.50215643208054 0.907553464504924 516.592141874622 21.2022971759626 0.8691033572954036
1.761729323308271 502.88310542803447 20.998572965459516 0.8757434528341765 510.17170379441814 20.685978351168785 0.8376874321766838
1.7666917293233084 496.6265614554977 20.488986659854504 0.8442459528889424 503.4222354710737 20.164086785258178 0.8066093060418377
1.771654135338346 490.04759012941304 19.97373169014844 0.8130761025215065 496.34400424336854 19.63698246583101 0.7758841593294458
1.7766165413533836 483.146209597845 19.453156414911973 0.7822491593217293 488.9376906804264 19.105039733086585 0.7455272588756922
1.7815789473684212 475.92283519662305 18.9276236676767 0.7517804922194173 481.2044100320145 18.568647538652726 0.7155539480198906
1.7865413533834589 468.3783010301622 18.397511054690142 0.7216855727096505 473.1457347174146 18.02820970918259 0.6859796363087819
1.7915037593984964 460.51388266092545 17.863211260115804 0.6919799656977663 464.7637179498997 17.48414521586892 0.6568197888008218
1.7964661654135339 452.33132101383217 17.325132360163252 0.6626793199753014 456.0609186014699 16.936888451084428 0.6280899149702084
1.8014285714285716 443.8328476051156 16.783698147409666 0.633799358321364 447.0404274318644 16.386889513728306 0.5998055572175975
1.806390977443609 435.021211232679 16.23934846724609 0.6053558672416722 437.70589481984825 15.834614504926378 0.5719822789863755
1.8113533834586468 425.8997062781127 15.692539568419704 0.5773646863487869 428.06156016063323 15.28054583623691 0.5446356524934661
1.8163157894736843 416.47220279566136 15.143744470058948 0.5498416973910949 418.1122831115281 14.725182552581657 0.517781246072893
1.821278195488722 406.7431785906283 14.59345334796626 0.5228028129396046 407.86357690518525 14.169040672820813 0.49143461114259657
1.8262406015037596 396.71775352108307 14.042173943402304 0.4962639647421672 397.32164397541965 13.612653551041205 0.46561126879416054
1.831203007518797 386.4017262946454 13.490431998115866 0.4702410917558453 386.493414189159 13.056572262410555 0.4403266960137178
1.8361654135338348 375.8016140785221 12.938771720061197 0.44475012787152696 375.3865860186652 12.501366017834982 0.41559631153442445
1.8411278195488723 364.92469528961556 12.38775628480198 0.4198069893398089 364.00967105523705 11.947622612681982 0.3914354613299077
1.84609022556391 353.77905600667145 11.837968378864844 0.3954275619221358 352.3720423227369 11.395948915288841 0.3678594037433195
1.8510526315789475 342.3736405083 11.290010791788063 0.37162768777251876 340.48398694590105 10.84697140246925 0.3448832942616443
1.856015037593985 330.718306549059 10.74450706538562 0.3484231520755756 328.3567638188906 10.301336750062035 0.32252216992833854
1.8609774436090227 318.8238860941856 10.202102210019916 0.3258296694590209 316.0026670477091 9.75971248824942 0.300790933392984
1.8659398496240602 306.7022523704327 9.66346349940278 0.3038628701976288 303.4350960950651 9.222787733177086 0.27970433659028276
1.870902255639098 294.36639427065165 9.129281357900311 0.2825382862345407 290.6686337248557 8.69127400833429 0.2592769640377502
1.8758646616541355 281.8304993598267 8.600270356892281 0.26187133704221566 277.719133110475 8.165906172252164 0.2395232157280347
1.8808270676691732 269.1100469996927 8.077170340121597 0.24187731534690707 264.60381573847917 7.647443472204543 0.22045728959599367
1.8857894736842107 256.22191345191095 7.560747702291849 0.22257137274539454 251.34138207299657 7.136670746947459 0.20209316351205092
1.8907518796992482 243.1844912472552 7.051796850324479 0.2039685052394186 237.9521375130389 6.634399808463797 0.18444457675668247
1.895714285714286 230.01782566531438 6.551141883465789 0.18608353871597672 224.4581366696366 6.1414710373221055 0.16752501089286653
1.9006766917293234 216.7437718930214 6.059638537151272 0.16893111440497202 210.88334984907488 5.658755236071613 0.15134766994336482
1.9056390977443611 203.38617737438835 5.578176446637315 0.15252567434326872 197.2538566256335 5.187155795230524 0.13592545972834338
1.9106015037593986 189.97109511808958 5.107681800974547 0.1368814468702221 183.5980727780625 4.7276112410955875 0.12127096617730615
1.9155639097744361 176.52703543835014 4.649120477813312 0.12201243218879416 169.94701872698352 4.281098253745711 0.10739643236270287
1.9205263157894739 163.08526590576366 4.203501775371478 0.10793238800794805 156.3346401530216 3.848635269104534 0.09431373389991411
1.9254887218045114 149.68017252658683 3.7718828945303926 0.0946548152885498 142.79819504257102 3.431286814395321 0.08203435222530686
1.930451127819549 136.34969971509054 3.3553743739440165 0.08219294408818219 129.3787264798484 3.030168775828315 0.07056934506909585
1.9354135338345866 123.13589323836277 2.9551467532935476 0.07055971949021492 116.12164778572696 2.6464548667498775 0.05992931314138872
1.9403759398496243 110.0855800570971 2.572438843925738 0.05976778755190537 103.07747771363574 2.281384669318072 0.05012436161468751
1.9453383458646618 97.25123381077356 2.208568142297054 0.049829481140266786 90.30277979968378 1.9362737722723296 0.041164054289102595
1.9503007518796993 84.69209789147862 1.8649441614941225 0.04075680539614031 77.86138665288308 1.6125267683211177 0.033057357233666096
1.955263157894737 72.47567566313592 1.543085837683634 0.03256142233283062 65.82603283587378 1.3116542496679813 0.025812566864139797
1.9602255639097745 60.67976095854465 1.2446448002540365 0.025254633632686797 54.280593870429584 1.0352955721687067 0.019437214282935617
1.9651879699248123 49.395294878730056 0.9714373914142698 0.018847359812644033 43.32326197882139 0.7852502640523653 0.01393793205406742
1.9701503759398498 38.730547956995 0.7254903412589329 0.013350112065040776 33.07124584199482 0.5635230237610358 0.009320258982792021
1.9751127819548875 28.81756022904301 0.5091090024445748 0.008772948804870376 23.66812159822439 0.3723914622243001 0.0055883377216143035
1.980075187969925 19.822744801582303 0.3249857468177879 0.0051253983006371105 15.296238936600275 0.21451535802100352 0.002744419567470402
1.9850375939849625 11.966055086348206 0.1763876121821113 0.002416298295777608 8.20018955028354 0.09313242396331134 0.0007880351142285728
1.99 5.560885346603754 0.06752618505879582 0.0006533984643581903 2.7412394680504804 0.01248437423453197 -0.00028491677933809945
