0.01 21.583402854652377 -0.2025953916091794 0.0004361847775011066 8.20785714352678 0.05711787409518365 -0.0037932034504682592
0.014962406015037594 50.69846289749694 -0.6698240958213546 0.007342851771644139 32.69845497741335 -0.27440439375857295 -0.0001505516597030502
0.01992481203007519 87.11865958611452 -1.3314977130233956 0.018732105872691324 65.38380308441265 -0.8044737148285321 0.007660126255094231
0.024887218045112784 129.3125464337718 -2.1681166663156546 0.03460764909211633 104.49556772974029 -1.513492623383513 0.019694281724888185
0.029849624060150376 176.20000743679702 -3.16442945040194 0.054957208477579414 148.8429675152729 -2.38655227893139 0.03598609430172909
0.034812030075187975 226.95367645921215 -4.307643554271976 0.07975597249352735 197.53136516877203 -3.411255458260939 0.05654969609303132
0.039774436090225566 280.90569688044707 -5.58654211957321 0.10896810240497246 249.84612959118022 -4.576765190858509 0.08138287610349455
0.044736842105263165 337.4971859483521 -6.990988363864972 0.1425475685519378 305.1929495812692 -5.87329355367649 0.11046950374020525
0.04969924812030076 396.24815144233435 -8.511624100676954 0.18043872058280402 363.0632873732975 -7.291796438538086 0.14378109207308634
0.05466165413533835 456.73835420957766 -10.139676151752724 0.2225767513635593 423.01277960027437 -8.823779318140964 0.18127788051995233
0.05962406015037595 518.5945160417177 -11.866827439869212 0.2688881243222454 484.64697183372846 -10.46116852806449 0.22290965261196996
0.06458646616541354 581.4814342966274 -13.685129123164074 0.3192909967708791 547.6115003575032 -12.196223803016096 0.2686164078556648
0.06954887218045112 645.0956170298596 -15.586939931130928 0.37369565460782894 611.5851134013319 -14.02147807370136 0.31832895471976264
0.07451127819548872 709.1606056837518 -17.564884146401596 0.43200496526685817 676.2745794943839 -15.929695951887197 0.37196946337350073
0.07947368421052632 773.4234616384128 -19.611822697518107 0.4941148511791079 741.4108906353649 -17.91384539132588 0.4294520006755154
0.0844360902255639 837.6520748259263 -21.720833643946605 0.5599147834432661 806.746376636991 -19.96707883092745 0.4906830604064183
0.0893984962406015 901.633064147969 -23.885199470511907 0.6292882938538729 872.0524738969361 -22.08272125988782 0.5555620959033452
0.0943609022556391 965.1701104340264 -26.098399347082193 0.7021135025386418 937.1179716446877 -24.25426337348864 0.6239820585723829
0.09932330827067669 1028.082609235773 -28.35410500335007 0.7782636578897499 1001.7476109236832 -26.47535847716057 0.6958299433669737
0.10428571428571429 1090.2045622027563 -30.646179210407638 0.8576076851770342 1065.760946477134 -28.73982213109855 0.7709873407464229
0.10924812030075189 1151.3836474999698 -32.968676102316294 0.9400107400716209 1128.991405766612 -31.041633764747814 0.8493309935878319
0.11421052631578947 1211.4804251025635 -35.31584274723548 1.0253347632935548 1191.2854962804122 -33.37493966237321 0.9307333568511235
0.11917293233082707 1270.3676438495459 -37.68212150796626 1.113439032640952 1252.5021244739346 -35.734056848848354 1.0150631573660598
0.12413533834586467 1327.9296252694858 -40.06215283179887 1.2041807088009784 1312.511998531887 -38.113477501333136 1.1021859508748073
0.12909774436090227 1384.061705223481 -42.45077818654056 1.2974153715169074 1371.197093828936 -40.507873588947575 1.191964673356312
0.13406015037593985 1438.6697189765728 -44.84304292086745 1.3929975429146826 1428.4501649225003 -42.91210150213732 1.2842601836677994
0.13902255639097746 1491.6695187911027 -47.23419887627699 1.4907811950489507 1484.1742917459414 -45.32120648198406 1.3789317946104611
0.14398496240601505 1542.986515825136 -49.61970661813979 1.5906202390153723 1538.282450634426 -47.73042669983789 1.475837789672615
0.14894736842105266 1592.5552402020749 -51.99523718631792 1.6923689932712969 1590.6971030992881 -50.13519687067787 1.574835922899176
0.15390977443609025 1640.3189147519734 -54.35667329350281 1.7958826291219645 1641.3497971287434 -52.5311513123483 1.6757838995557535
0.15887218045112783 1686.2290392019913 -56.70010992249286 1.901017591644404 1690.1807771645927 -54.91412638580857 1.778539835509536
0.16383458646616544 1730.2449825952826 -59.02185429304495 2.007631994637068 1737.1386000852162 -57.28016227275634 1.882962693523422
0.16879699248120303 1772.3335825016766 -61.318425185264175 2.115585988494376 1782.1797553984197 -59.625504063972585 1.9889126949310403
0.1737593984962406 1812.4687501911758 -63.586551620124624 2.2247421002053565 1825.2682885646336 -61.94660214698757 2.0962517054516825
0.17872180451127823 1850.6310814105818 -65.82317090912153 2.3349655449648807 1866.3754269227738 -64.24011189434952 2.2048435941825675
0.1836842105263158 1886.8074727600888 -68.02542609449239 2.4461245091607537 1905.4792081197593 -66.50289266460283 2.314554565081754
0.1886466165413534 1920.9907439233184 -70.19066280886159 2.5580904047471607 1942.564111272497 -68.73200613720223 2.42525346052106
0.193609022556391 1953.1792661989011 -72.31642558949619 2.670738095258971 1977.6206913353517 -70.92471401019748 2.536812036744371
0.1985714285714286 1983.3765979015698 -74.40045368681876 2.783946093926713 2010.6452173134076 -73.078475095427 2.6491052112946862
0.20353383458646618 2011.5911272797484 -76.4406764103928 2.8975967345465676 2041.6393150816903 -75.19094185102608 2.7620112827029666
0.2084962406015038 2037.835723629827 -78.43520805785411 3.011576315923655 2070.609615642399 -77.25995639466367 2.8754121229199727
0.21345864661654138 2062.1273972941317 -80.38234247380123 3.1257752208563 2097.5674096658695 -79.28354604336491 2.9891933431582167
0.21842105263157896 2084.486969206594 -82.28054728617374 3.240088010749357 2122.5283091804677 -81.25991842784083 3.103244433965223
0.22338345864661657 2104.938750608855 -84.12845786750674 3.3544134970449733 2145.5119172332434 -83.18745622978909 3.217458880483748
0.22834586466165416 2123.510233504526 -85.92487106771512 3.4686547907400844 2166.541506306825 -85.0647115910447 3.3317342539749952
0.23330827067669174 2140.2317923539795 -87.6687387638232 3.5827193313213996 2185.64370621115 -86.89040024277355 3.445972280768686
0.23827067669172936 2155.136397436835 -89.35916127027315 3.6965188964873876 2202.8482021013606 -88.66339540205678 3.5600788898853617
0.24323308270676694 2168.259340235053 -90.99538065151921 3.809969594056665 2218.187443190255 -90.38272148158498 3.6739642406269164
0.24819548872180452 2179.6379711068794 -92.57677397614782 3.922991837465748 2231.6963626416546 -92.04754765641945 3.787542731475304
0.25315789473684214 2189.3114494466117 -94.10284654938238 4.0355103062608935 2243.4121090493327 -93.65718132966009 3.9007329916592526
0.2581203007518797 2197.3205064444737 -95.57322515800212 4.147453892965221 2253.373789801004 -95.21106153605078 4.013457856756568
0.2630827067669173 2203.7072204905 -96.98765135909804 4.258755637681681 2261.6222265768165 -96.70875232071913 4.12564432969775
0.2680451127819549 2208.5148051928545 -98.34597484111634 4.369352651748208 2268.199723112143 -98.14993612669147 4.2372235285149715
0.27300751879699253 2211.7874099191718 -99.64814688298046 4.479186031723348 2273.149845302006 -99.53440722262275 4.348130622158511
0.2779699248120301 2213.5699327063 -100.89421393414963 4.588200764922474 2276.517213639675 -100.86206519903706 4.458304755659517
0.2829323308270677 2213.9078453319044 -102.08431133585572 4.696345627672388 2278.3473079202854 -102.13290855880891 4.567688965884518
0.2878947368421053 2212.847030292968 -103.21865720113712 4.803573077392024 2278.6862840712192 -103.34702842453157 4.676230089063036
0.29285714285714287 2210.433629390616 -104.29754646862358 4.90983913953651 2277.5808029221866 -104.50460238303049 4.783878661228877
0.2978195488721805 2206.713903588794 -105.32134514285843 5.015103290387217 2275.077870672714 -105.60588848444746 4.890588812646905
0.3027819548872181 2201.7341037776996 -106.29048473142822 5.11932833659164 2271.2246907726867 -106.651219410896 4.996318157239251
0.30774436090225565 2195.540352051394 -107.20545688725696 5.222480292300036 2266.068526893572 -107.64099682730833 5.101027677960671
0.31270676691729327 2188.1785330861176 -108.06680826234972 5.324528254674207 2259.6565766355784 -108.5756859248537 5.204681609008759
0.3176691729323309 2179.694195189929 -108.87513557745237 5.425444278478193 2252.0358555891435 -109.4558101651977 5.307247315689083
0.32263157894736844 2170.1324605843624 -109.63108091050708 5.525203250400832 2243.2530913474143 -110.28194623191382 5.408695172690337
0.32759398496240605 2159.5379444695727 -110.33532720517883 5.623782763693168 2233.354627050835 -111.05471919361449 5.508998441463892
0.33255639097744366 2147.954682422514 -110.98859399944789 5.721162993648638 2222.3863340313537 -111.7747978816447 5.608133147336192
0.3375187969924812 2135.4260656765446 -111.59163337299901 5.817326574394543 2210.3935331179355 -112.44289048379662 5.706077956928041
0.34248120300751883 2121.994783833819 -112.1452261110698 5.912258477409797 2197.4209241581675 -113.05974035400573 5.802814056389225
0.34744360902255644 2107.7027745682294 -112.6501780815198 6.005945892135213 2183.512523312992 -113.62612203695977 5.898325030911835
0.352406015037594 2092.5911798817797 -113.10731682092651 6.098378108987728 2168.7116076824304 -114.14283750533573 5.9925967459218334
0.3573684210526316 2076.7003084916096 -113.51748832504684 6.189546405057276 2153.060666824915 -114.61071260655467 6.085617230311336
0.3623308270676692 2060.069603930734 -113.88155403809766 6.279443932708304 2136.601360740473 -115.03059371500242 6.177376562013439
0.3672932330827068 2042.7376179631092 -114.20038803505987 6.36806561128183 2119.374483898506 -115.4033445851211 6.267866756190771
0.3722556390977444 2024.7419889248342 -114.47487439066994 6.45540802205131 2101.419934900563 -115.7298434000691 6.357081656260382
0.377218045112782 2006.1194246194887 -114.7059047285128 6.541469306556182 2082.776691381019 -116.01098001016973 6.445016827941071
0.38218045112781956 1986.905689409677 -114.89437594331925 6.626249068403242 2063.4827897636023 -116.24765335503866 6.531669456478117
0.3871428571428572 1967.135595164988 -115.04118808951725 6.709748278605451 2043.5753095043929 -116.44076906286564 6.617038247163348
0.3921052631578948 1946.8429957405567 -115.14724242885666 6.791969184496289 2023.0903614684119 -116.59123722015624 6.701123329243098
0.39706766917293235 1926.0607846782252 -115.21343962995203 6.872915222240154 2002.0630801029915 -116.69997030508654 6.783926163281205
0.40203007518796996 1904.8208958385394 -115.24067811258162 6.95259093293938 1980.5276190845725 -116.76788127737682 6.865449452012701
0.4069924812030076 1883.1543066876138 -115.22985252959364 7.031001882319398 1958.5171501360187 -116.7958818177696 6.94569705471534
0.41195488721804513 1861.0910439792463 -115.18185237936677 7.108154583959182 1936.0638647233175 -116.78488070994929 7.024673905093213
0.41691729323308274 1838.6601915887406 -115.09756074190626 7.184056426021943 1913.1989783596841 -116.73578235795182 7.1023859326596135
0.42187969924812035 1815.889900269516 -114.97785313175129 7.258715601426816 1889.9527372597245 -116.64948543211516 7.178839987586869
0.4268421052631579 1792.807399119335 -114.82359646108324 7.332141041395254 1866.3544271019164 -116.52688163674054 7.2540437689790025
0.4318045112781955 1769.4390085567711 -114.6356481065692 7.404342352295224 1842.4323836740775 -116.36885459279873 7.328005756510555
0.43676691729323314 1745.8101546227836 -114.41485507369474 7.475329755700416 1818.2140051873823 -116.17627882906842 7.400735145367118
0.4417293233082707 1721.9453844355596 -114.16205325254626 7.545114031575663 1793.7257660661826 -115.95001887549515 7.47224178441375
0.4466917293233083 1697.8683826394888 -113.87806675922313 7.613706464495191 1768.9932320261864 -115.6909284524772 7.542536117509103
0.4516541353383459 1673.6019887012899 -113.56370735728315 7.681118792796392 1744.0410762728668 -115.39984975020963 7.611629127881095
0.4566165413533835 1649.1682149180301 -113.21977395386686 7.747363160569913 1718.8930966617945 -115.07761279231218 7.679532285471035
0.4615789473684211 1624.5882650124934 -112.8470521653642 7.812452072383853 1693.5722336757358 -114.72503487825094 7.746257497153391
0.4665413533834587 1599.8825532020853 -112.44631394774322 7.876398350640508 1668.100589084231 -114.34292009924911 7.81181705973256
0.47150375939849626 1575.0707236368767 -112.01831728687092 7.939215095461828 1642.499445162864 -113.93205892265084 7.876223615618988
0.47646616541353387 1550.1716701118185 -111.56380594440063 8.000915647001083 1616.7892843591208 -113.49322783989595 7.939490111083569
0.4814285714285715 1525.2035559668298 -111.08350925502901 8.061513550078747 1590.989809301932 -113.02718907351915 8.001629756990233
0.48639097744360904 1500.183834096322 -110.57814197113369 8.121022521040944 1565.119963060844 -112.53469033879799 8.062655991905935
0.49135338345864665 1475.12926699772 -110.04840415104934 8.179456416742141 1539.1979495696205 -112.01646465591355 8.122582447488785
0.49631578947368427 1450.0559467950438 -109.49498108740954 8.236829205552619 1513.24125413687 -111.47323020869413 8.181422916055318
0.5012781954887219 1424.9793151806784 -108.91854327222632 8.293154940296319 1487.2666639738113 -110.90569024621905 8.239191320228638
0.5062406015037594 1399.9141832244086 -108.31974639556066 8.348447733025516 1461.2902886766974 -110.31453302380226 8.295901684573536
0.511203007518797 1374.8747510041649 -107.699231374812 8.402721731540343 1435.3275806073448 -109.70043178003041 8.351568109123038
0.5161654135338346 1349.8746270187758 -107.05762441187753 8.455991097566462 1409.393355121916 -109.06404474677215 8.406204744706725
0.5211278195488722 1324.9268473472919 -106.39553707557118 8.508269986504494 1383.5018106031089 -108.40601518921873 8.459825769990108
0.5260902255639098 1300.043894524108 -105.71356640687011 8.559572528668062 1357.66654825672 -107.72697147324146 8.51244537014032
0.5310526315789474 1275.237716103375 -105.01229504473393 8.609912811931816 1331.9005916377587 -107.02752715747815 8.564077717032283
0.536015037593985 1250.5197428896627 -104.29229137036884 8.659304865711437 1306.2164058764104 -106.30828110778532 8.614736950917276
0.5409774436090226 1225.9009068156051 -103.55410966798134 8.707762646202962 1280.6259165773122 -105.56981763177205 8.664437163471712
0.5459398496240602 1201.3916584499673 -102.79829030016684 8.755300022808498 1255.1405283703964 -104.81270663137363 8.713192382154773
0.5509022556390978 1177.0019841230578 -102.02535989626097 8.80193076568268 1229.7711430940062 -104.0375037714856 8.76101655579948
0.5558646616541354 1152.7414226584342 -101.23583155205378 8.847668534332868 1204.52817759499 -103.2447506628785 8.807923541369515
0.560827067669173 1128.6190817025472 -100.43020503941275 8.892526867211274 1179.4215811323566 -102.4349750576813 8.853927091812997
0.5657894736842106 1104.6436536461197 -99.60896702447002 8.936519172240036 1154.4608523748484 -101.60869105591874 8.899040844952111
0.5707518796992481 1080.8234311328686 -98.77259129312179 8.979658718212 1129.655055983917 -100.76639932161791 8.943278313344088
0.5757142857142857 1057.1663221529298 -97.92153898268573 9.02195862701263 1105.012838776829 -99.90858730719253 8.986652875058407
0.5806766917293233 1033.6798647201656 -97.05625881867732 9.063431866613156 1080.5424454655788 -99.03572948483833 9.029177765311433
0.585639097744361 1010.3712411334791 -96.17718735570915 9.104091244783849 1056.2517339698388 -98.1482875838373 9.070866068907918
0.5906015037593986 987.2472918240098 -95.28474922164523 9.14394940348278 1032.1481903032236 -97.2467108327159 9.11173071343767
0.5955639097744362 964.3145287908058 -94.37935736418032 9.183018813874668 1008.2389430335461 -96.33143620529023 9.151784463178519
0.6005263157894737 941.5791486288083 -93.46141329911053 9.221311771938858 984.5307773193657 -95.4028886697428 9.191039913661646
0.6054887218045113 919.0470451536366 -92.53130735960755 9.258840394625853 961.0301485257712 -94.46148143991226 9.22950948685457
0.6104511278195489 896.723821628628 -91.58941894588898 9.295616616525749 937.7431954235985 -93.50761622807156 9.26720542692123
0.6154135338345865 874.6148026000064 -90.63611677471576 9.331652187012056 914.6757529769638 -92.54168349852074 9.3041397965197
0.6203759398496241 852.7250453468876 -89.67175912822316 9.366958667828627 891.8333647248587 -91.5640627213954 9.34032447360121
0.6253383458646617 831.0593509530097 -88.69669410161619 9.40154743108658 869.2212947631483 -90.57512262613913 9.375771148675325
0.6303007518796993 809.6222750076975 -87.71125984932516 9.435429657641928 846.8445393337794 -89.57522145413866 9.41049132250783
0.6352631578947369 788.4181379438842 -86.71578482925945 9.468616335826198 824.7078380286302 -88.56470721008208 9.444496304220962
0.6402255639097745 767.4510350211146 -85.71058804481916 9.501118260502118 802.8156846156845 -87.54391791163206 9.47779720976579
0.6451879699248121 746.7248459619252 -84.69597928438748 9.532946032420732 781.1723374956217 -86.5131818370584 9.510404960739447
0.6501503759398497 726.2432442499048 -83.67225935803455 9.564110057855057 759.7818297971154 -85.47281777050654 9.542330283520688
0.6551127819548873 706.0097060981025 -82.63972033121881 9.594620548489251 738.6479791193634 -84.42313524461909 9.57358370869937
0.6600751879699249 686.0275190962835 -81.59864575527735 9.62448752154128 717.7743969307338 -83.36443478027168 9.604175570776661
0.6650375939849624 666.2997905457916 -80.54931089454452 9.65372080010029 697.1644976317607 -82.29700812317087 9.634116008113761
0.67 646.8294554906649 -79.49198294995072 9.68233001366012 676.8215072921338 -81.22113847717047 9.663414963109213
0.6749624060150377 627.6192844536283 -78.42692127897577 9.710324598831349 656.7484720699205 -80.13710073410213 9.692082182584723
0.6799248120300753 608.6718908855859 -77.35437761185581 9.737713800215674 636.9482663222334 -79.0451617000011 9.720127218362013
0.6848872180451129 589.9897383371954 -76.27459626396738 9.764506671428437 617.4236004161228 -77.94558031760528 9.74755942801374
0.6898496240601505 571.5751473608566 -75.18781434430798 9.790712076253119 598.1770282484695 -76.83860788502548 9.774387975771669
0.694812030075188 553.4303021515875 -74.09426196004051 9.816338689916615 579.2109544836769 -75.72448827051755 9.80062183357845
0.6997744360902256 535.5572569348933 -72.99416241705313 9.841395000471355 560.5276415176997 -74.60345812328512 9.826269782267659
0.7047368421052632 517.9579421097612 -71.88773241651701 9.865889310273019 542.12921617701 -73.47574708027734 9.85134041286017
0.7096992481203008 500.63417015471634 -70.77518224743483 9.889829737543483 524.0176761608097 -72.34157796894215 9.875842127963686
0.7146616541353384 483.5876413046838 -69.6567159751749 9.913224218008104 506.19489623479103 -71.20116700592467 9.899783143264793
0.719624060150376 466.81994900629 -68.53253162600465 9.936080506598154 488.6626341844465 -70.0547239916945 9.923171489101676
0.7245864661654136 450.3325851590379 -67.40282136764267 9.958406179209662 471.4225365359578 -68.90245250111947 9.946015012109067
0.7295488721804512 434.12694514961504 -66.26777168585568 9.980208634510255 454.47614405230155 -67.74455006998714 9.968321376924528
0.7345112781954888 418.2043326864373 -65.1275635571376 10.001495095786582 437.8248970122209 -66.58120837750579 9.990098067948349
0.7394736842105264 402.56596444129303 -63.98237261750759 10.022272612824723 421.47014027941725 -65.4126134248124 10.011352391148646
0.744436090225564 387.2129745048344 -62.83236932747745 10.042548063817371 405.4131281691648 -64.23894570952616 10.032091475904151
0.7493984962406016 372.14641866242755 -61.677719133239115 10.062328157291384 389.65502911936693 -63.060380396391025 10.052322276877456
0.7543609022556391 357.3672784967098 -60.5185826241286 10.081619434050088 374.19693017287136 -61.8770874840592 10.072051575912468
0.7593233082706767 342.8764653229968 -59.35511568642732 10.100428269124983 359.03984127767194 -60.689231968069464 10.091285983949906
0.7642857142857143 328.6748239635165 -58.18746965356398 10.118760873731748 344.18469941142644 -59.49697400007927 10.110031942955043
0.769248120300752 314.7631363662454 -57.015791452785734 10.136623297226368 329.63237253654324 -58.30046904341584 10.128295727852592
0.7742105263157896 301.1421250739397 -55.84022374836579 10.154021429056629 315.3836633918639 -57.09986802501088 10.14608344846388
0.7791729323308272 287.8124565487839 -54.660905081421866 10.170961000705555 301.4393131268358 -55.89531748379216 10.163401051441866
0.7841353383458647 274.77474435788906 -53.47797000641832 10.187447587622863 287.8000047837965 -54.68695971559964 10.180254322199437
0.7890977443609023 262.02955222469393 -52.291549224427115 10.203486611141258 274.46636663389825 -53.47493291470636 10.196648886827946
0.7940601503759399 249.57739695115532 -51.10176971322469 10.21908334037433 261.4389753719345 -52.25937131201565 10.212590214001368
0.7990225563909775 237.41875121544518 -49.90875485430334 10.234242894093386 248.71835917520724 -51.040405310016865 10.228083616863799
0.8039849624060151 225.55404624968526 -48.712624556874445 10.248970242580533 236.30500063135185 -49.81816161457558 10.243134254896452
0.8089473684210527 213.98367440210995 -47.51349537894403 10.263270209455587 224.1993395398976 -48.59276336364199 10.257747135762019
0.8139097744360902 202.70799158786627 -46.31148064553914 10.277147473474509 212.40177559213532 -47.36433025295561 10.27192711712318
0.8188721804511279 191.7273196325164 -45.106690564166946 10.290606570297754 200.9126709337218 -46.13297865883111 10.28567890843355
0.8238345864661655 181.04194851214154 -43.89923233758425 10.303651894226016 189.73235261426458 -44.898821758104845 10.299007072698295
0.8287969924812031 170.65213849380467 -42.689210273959574 10.316287699902299 178.86111492798165 -43.66196964532668 10.311916028202827
0.8337593984962407 160.5581221799749 -41.47672589450637 10.328518103978402 168.29922164936283 -42.42252944727833 10.324410050207575
0.8387218045112783 150.760106460378 -40.261878038667746 10.3403470867445 158.046908167612 -41.18060543490144 10.336493272607143
0.8436842105263158 141.25827437459395 -39.04476296693177 10.351778493720623 148.10438352349087 -39.93629913271767 10.348169689552444
0.8486466165413534 132.05278688858408 -37.82547446135591 10.362816037208578 138.47183235204247 -38.68970942582283 10.35944315703428
0.853609022556391 123.14378458820468 -36.60410392387997 10.373463297803703 129.14941673452287 -37.4409326645367 10.370317394427115
0.8585714285714287 114.53138929262093 -35.38074047250407 10.383723725864977 120.13727796273557 -36.190062766790504 10.380795985992023
0.8635338345864663 106.21570559042405 -34.15547103541013 10.393600642943039 111.4355382188192 -34.937191318332395 10.390882382337566
0.8684962406015039 98.1968223011166 -32.92838044310279 10.4030972431651 103.04430217340439 -33.682407670830685 10.400579901837691
0.8734586466165414 90.47481386452006 -31.699551518645485 10.412216594576016 94.96365850494816 -32.425799037958114 10.409891732005935
0.878421052631579 83.04974166053805 -30.469065166067537 10.420961640435035 87.19368134285976 -31.167450589528183 10.418820930824875
0.8833834586466166 75.92165526159901 -29.237000457016826 10.429335200467555 79.7344316370218 -29.90744554377306 10.427370428030407
0.8883458646616542 69.09059361997953 -28.003434715730734 10.43733997207129 72.58595845606789 -28.645865257831893 10.435543026349988
0.8933082706766918 62.55658619211789 -26.76844360239984 10.444978531476622 65.7483002167399 -27.3827893165305 10.443341402694367
0.8982706766917294 56.319654001905505 -25.53210119499548 10.452253334860426 59.221485846504486 -26.118295619528595 10.45076810930233
0.9032330827067669 50.37981064485545 -24.294480069633764 10.459166719413286 53.00553588149806 -24.85246046690964 10.457825574837901
0.9081954887218046 44.737063234934304 -23.05565137954597 10.465720904359577 47.10046350176091 -23.585358643288227 10.46451610543963
0.9131578947368422 39.391413295755385 -21.815684932726253 10.471917991930264 41.50627550561991 -22.31706350051033 10.470841885721601
0.9181203007518798 34.342857597729484 -20.57464926832555 10.477759968288037 36.222973224962494 -21.047647039018628 10.476804979725896
0.9230827067669174 29.591388942677494 -19.332611731860432 10.48324870440468 31.250553383055465 -19.77717998795682 10.482407331826057
0.928045112781955 25.136996897322497 -18.08963854930576 10.488385956890466 26.589008896453933 -18.505731884084803 10.487650767581492
0.9330075187969925 20.97966847697935 -16.84579490013729 10.493173368775288 22.238329622450536 -17.233371149576254 10.49253699454245
0.9379699248120301 17.11938878068399 -15.601144989392356 10.49761247024156 18.198503053420836 -15.960165168770015 10.497067603005448
0.9429323308270677 13.55614157890993 -14.355752118814001 10.501704679308627 14.46951495932472 -14.686180363945454 10.501244066718929
0.9478947368421053 10.289909854940621 -13.109678757144843 10.505451302468638 11.051349979530753 -13.411482270191346 10.505067743539033
0.952857142857143 7.320676300879632 -11.862986609635085 10.508853535273776 7.943992165045175 -12.136135609438483 10.508539876035345
0.9578195488721806 4.648423769204587 -10.615736686830463 10.511912462874786 5.1474254721314905 -10.860204363723838 10.511661592046462
0.9627819548872181 2.2731356806861767 -9.367989372703322 10.514629060510668 2.6616342082242275 -9.583751847755332 10.514433905185365
0.9677443609022557 0.19479638941625255 -8.119804492191031 10.517004193949575 0.4866034309525653 -8.306840780844981 10.51685771529441
0.9727067669172933 -1.5866084943854952 -6.871241378205644 10.519038619880806 -1.377680698995602 -7.029533358278007 10.518933808849976
0.9776691729323309 -3.071091823199135 -5.622358938176624 10.520732986257876 -2.9312306105228485 -5.751891322184847 10.520662859316605
0.9826315789473685 -4.258664672148362 -4.373215720191195 10.522087832592586 -4.174057059719073 -4.473976031983413 10.522045427450662
0.9875939849624061 -5.1493361396236965 -3.1238699787928788 10.52310359020021 -5.106168911925968 -3.1958485344578142 10.523081961553432
0.9925563909774437 -5.743113188217579 -1.8743797405021745 10.523780582395563 -5.727572967867071 -1.917569633540173 10.523772797673654
0.9975187969924812 -6.040000525680808 -0.6248028691205083 10.524119024640127 -6.038273833524978 -0.63919995986159 10.524118159759405
1.0024812030075188 -6.040000525680807 0.6248028691205182 10.524119024640127 -6.038273833524978 0.63919995986159 10.524118159759405
1.0074436090225565 -5.743113188217563 1.8743797405022193 10.523780582395563 -5.727572967867066 1.917569633540227 10.523772797673653
1.012406015037594 -5.149336139623649 3.123869978792888 10.52310359020021 -5.10616891192592 3.195848534457848 10.523081961553432
1.0173684210526317 -4.258664672148334 4.373215720191228 10.522087832592586 -4.17405705971901 4.47397603198347 10.52204542745066
1.0223308270676692 -3.071091823199103 5.622358938176667 10.520732986257874 -2.9312306105228516 5.751891322184845 10.520662859316605
1.027293233082707 -1.5866084943854455 6.871241378205682 10.519038619880806 -1.3776806989955999 7.029533358278018 10.518933808849976
1.0322556390977444 0.19479638941632538 8.119804492191077 10.517004193949575 0.4866034309526015 8.306840780845 10.51685771529441
1.0372180451127821 2.27313568068625 9.367989372703363 10.514629060510666 2.6616342082243376 9.583751847755376 10.514433905185363
1.0421804511278197 4.648423769204694 10.615736686830516 10.511912462874786 5.147425472131482 10.860204363723838 10.511661592046465
1.0471428571428572 7.320676300879659 11.862986609635097 10.508853535273776 7.9439921650452785 12.136135609438526 10.508539876035345
1.0521052631578949 10.28990985494075 13.109678757144891 10.505451302468632 11.051349979530883 13.411482270191392 10.505067743539032
1.0570676691729324 13.556141578910015 14.355752118814031 10.501704679308624 14.469514959324648 14.686180363945423 10.501244066718927
1.06203007518797 17.119388780684194 15.60114498939242 10.49761247024156 18.198503053420957 15.960165168770052 10.497067603005448
1.0669924812030076 20.979668476979434 16.845794900137314 10.493173368775288 22.23832962245056 17.233371149576268 10.49253699454245
1.071954887218045 25.136996897322543 18.089638549305775 10.488385956890466 26.589008896453947 18.505731884084803 10.487650767581489
1.0769172932330828 29.591388942677813 19.33261173186051 10.48324870440468 31.250553383055784 19.77717998795691 10.482407331826058
1.0818796992481203 34.342857597729484 20.574649268325558 10.477759968288032 36.2229732249624 21.04764703901861 10.476804979725895
1.086842105263158 39.39141329575569 21.81568493272633 10.471917991930264 41.506275505620124 22.31706350051037 10.470841885721597
1.0918045112781956 44.73706323493434 23.055651379545985 10.465720904359575 47.1004635017609 23.585358643288224 10.46451610543963
1.0967669172932333 50.37981064485572 24.29448006963382 10.459166719413284 53.00553588149844 24.85246046690972 10.457825574837901
1.1017293233082708 56.31965400190566 25.532101194995512 10.452253334860425 59.22148584650503 26.11829561952871 10.450768109302334
1.1066917293233083 62.556586192117976 26.76844360239985 10.444978531476622 65.74830021673982 27.382789316530477 10.443341402694363
1.111654135338346 69.09059361997996 28.003434715730805 10.43733997207129 72.5859584560678 28.645865257831865 10.435543026349986
1.1166165413533835 75.92165526159917 29.237000457016862 10.429335200467554 79.73443163702196 29.907445543773097 10.427370428030414
1.1215789473684212 83.04974166053823 30.469065166067573 10.42096164043504 87.1936813428602 31.16745058952825 10.418820930824875
1.1265413533834587 90.47481386452017 31.699551518645503 10.412216594576018 94.96365850494837 32.42579903795815 10.409891732005935
1.1315037593984962 98.19682230111684 32.92838044310284 10.403097243165103 103.04430217340462 33.68240767083073 10.400579901837698
1.136466165413534 106.21570559042465 34.15547103541024 10.393600642943051 111.43553821881935 34.93719131833241 10.390882382337564
1.1414285714285715 114.53138929262101 35.380740472504066 10.383723725864968 120.1372779627358 36.19006276679055 10.380795985992028
1.1463909774436092 123.14378458820498 36.60410392388002 10.373463297803703 129.1494167345233 37.440932664536746 10.370317394427108
1.1513533834586467 132.05278688858425 37.825474461355924 10.362816037208578 138.47183235204278 38.68970942582286 10.359443157034276
1.1563157894736844 141.25827437459446 39.044762966931856 10.351778493720627 148.1043835234917 39.93629913271778 10.34816968955245
1.161278195488722 150.7601064603785 40.26187803866782 10.34034708674451 158.0469081676125 41.18060543490151 10.336493272607147
1.1662406015037594 160.55812217997476 41.47672589450632 10.328518103978386 168.29922164936278 42.42252944727829 10.324410050207563
1.1712030075187971 170.6521384938048 42.68921027395955 10.316287699902286 178.8611149279818 43.6619696453267 10.311916028202827
1.1761654135338346 181.04194851214172 43.89923233758425 10.30365189422601 189.73235261426498 44.89882175810487 10.29900707269829
1.1811278195488724 191.72731963251712 45.10669056416704 10.290606570297758 200.9126709337222 46.132978658831114 10.285678908433535
1.1860902255639099 202.70799158786684 46.311480645539234 10.277147473474523 212.40177559213566 47.364330252955654 10.271927117123179
1.1910526315789474 213.9836744021103 47.51349537894406 10.26327020945558 224.1993395398979 48.59276336364201 10.257747135762019
1.196015037593985 225.554046249686 48.71262455687456 10.248970242580548 236.30500063135213 49.81816161457563 10.243134254896463
1.2009774436090226 237.41875121544518 49.908754854303325 10.234242894093384 248.71835917520795 51.040405310016936 10.228083616863799
1.2059398496240603 249.5773969511556 51.10176971322471 10.219083340374324 261.4389753719356 52.259371312015794 10.212590214001384
1.2109022556390978 262.02955222469404 52.29154922442713 10.203486611141258 274.4663666338983 53.47493291470636 10.196648886827944
1.2158646616541355 274.77474435788974 53.477970006418374 10.187447587622863 287.8000047837976 54.68695971559977 10.180254322199445
1.220827067669173 287.8124565487844 54.66090508142187 10.170961000705544 301.43931312683617 55.89531748379217 10.163401051441856
1.2257894736842105 301.14212507393995 55.8402237483658 10.15402142905663 315.3836633918638 57.09986802501086 10.14608344846388
1.2307518796992483 314.76313636624667 57.01579145278586 10.13662329722638 329.6323725365435 58.30046904341589 10.1282957278526
1.2357142857142858 328.67482396351716 58.18746965356405 10.118760873731755 344.18469941142666 59.49697400007926 10.110031942955034
1.2406766917293235 342.87646532299675 59.35511568642726 10.100428269124963 359.0398412776718 60.68923196806944 10.091285983949904
1.245639097744361 357.36727849670984 60.518582624128605 10.081619434050088 374.19693017287136 61.8770874840592 10.072051575912468
1.2506015037593985 372.14641866242823 61.67771913323918 10.062328157291386 389.65502911936665 63.060380396390954 10.052322276877444
1.2555639097744362 387.21297450483536 62.832369327477565 10.042548063817378 405.4131281691658 64.23894570952626 10.03209147590416
1.2605263157894737 402.565964441294 63.98237261750772 10.02227261282474 421.47014027941714 65.41261342481238 10.011352391148634
1.2654887218045114 418.20433268643865 65.12756355713773 10.00149509578659 437.82489701222136 66.58120837750579 9.990098067948338
1.270451127819549 434.126945149615 66.26777168585564 9.980208634510243 454.47614405230115 67.74455006998707 9.968321376924518
1.2754135338345867 450.3325851590373 67.40282136764257 9.958406179209643 471.4225365359588 68.90245250111954 9.946015012109067
1.2803759398496242 466.8199490062911 68.53253162600478 9.936080506598161 488.6626341844488 70.05472399169473 9.923171489101694
1.2853383458646617 483.58764130468455 69.65671597517498 9.913224218008112 506.19489623479035 71.20116700592457 9.899783143264777
1.2903007518796994 500.6341701547169 70.77518224743484 9.889829737543474 524.017676160811 72.34157796894223 9.875842127963686
1.295263157894737 517.9579421097617 71.887732416517 9.865889310273008 542.1292161770107 73.47574708027737 9.851340412860168
1.3002255639097746 535.5572569348938 72.99416241705312 9.841395000471348 560.5276415176995 74.60345812328502 9.826269782267637
1.3051879699248121 553.4303021515873 74.0942619600405 9.816338689916613 579.2109544836799 75.72448827051781 9.80062183357847
1.3101503759398498 571.5751473608601 75.18781434430834 9.790712076253158 598.1770282484722 76.83860788502572 9.774387975771685
1.3151127819548873 589.989738337196 76.2745962639674 9.764506671428435 617.4236004161235 77.94558031760533 9.74755942801374
1.3200751879699248 608.6718908855876 77.35437761185598 9.73771380021569 636.9482663222332 79.04516170000107 9.720127218362013
1.3250375939849626 627.6192844536271 78.42692127897553 9.710324598831308 656.7484720699213 80.13710073410218 9.692082182584722
1.33 646.829455490667 79.49198294995091 9.68233001366014 676.8215072921323 81.2211384771703 9.663414963109195
1.3349624060150378 666.2997905457922 80.54931089454455 9.653720800100288 697.1644976317652 82.2970081231713 9.6341160081138
1.3399248120300753 686.0275190962832 81.59864575527726 9.624487521541262 717.7743969307337 83.3644347802716 9.604175570776643
1.3448872180451128 706.0097060981029 82.63972033121885 9.594620548489251 738.6479791193633 84.42313524461908 9.573583708699369
1.3498496240601505 726.2432442499048 83.67225935803447 9.564110057855036 759.7818297971047 85.47281777050591 9.542330283520684
1.354812030075188 746.7248459619235 84.69597928438729 9.532946032420707 781.1723374956205 86.51318183705824 9.510404960739425
1.3597744360902257 767.4510350211143 85.71058804481906 9.5011182605021 802.8156846156991 87.54391791163306 9.47779720976583
1.3647368421052632 788.4181379438851 86.7157848292595 9.4686163358262 824.7078380286298 88.56470721008206 9.444496304220959
1.369699248120301 809.6222750076968 87.711259849325 9.435429657641908 846.8445393337786 89.5752214541385 9.410491322507806
1.3746616541353385 831.059350953009 88.69669410161605 9.401547431086563 869.2212947631485 90.57512262613909 9.37577114867532
1.379624060150376 852.7250453468897 89.67175912822336 9.36695866782865 891.8333647248602 91.56406272139554 9.340324473601228
1.3845864661654137 874.6148026000051 90.6361167747156 9.331652187012036 914.6757529769645 92.54168349852077 9.3041397965197
1.3895488721804512 896.7238216286294 91.58941894588907 9.29561661652575 937.7431954236012 93.50761622807175 9.267205426921246
1.394511278195489 919.0470451536391 92.53130735960772 9.25884039462587 961.0301485257727 94.46148143991245 9.229509486854585
1.3994736842105264 941.5791486288066 93.46141329911035 9.221311771938833 984.5307773193624 95.40288866974254 9.191039913661626
1.404436090225564 964.3145287908064 94.37935736418035 9.18301881387467 1008.238943033544 96.33143620529003 9.151784463178503
1.4093984962406017 987.2472918240134 95.28474922164548 9.143949403482795 1032.148190303224 97.24671083271588 9.11173071343766
1.4143609022556392 1010.3712411334794 96.17718735570917 9.104091244783847 1056.2517339698438 98.14828758383774 9.070866068907957
1.4193233082706769 1033.6798647201683 97.05625881867752 9.063431866613168 1080.5424454655783 99.03572948483831 9.029177765311434
1.4242857142857144 1057.1663221529295 97.92153898268572 9.02195862701263 1105.0128387768277 99.90858730719242 8.9866528750584
1.429248120300752 1080.8234311328665 98.77259129312154 8.979658718211972 1129.6550559839177 100.76639932161797 8.943278313344091
1.4342105263157896 1104.6436536461256 99.6089670244705 8.936519172240077 1154.4608523748464 101.60869105591863 8.899040844952106
1.439172932330827 1128.6190817025476 100.43020503941274 8.892526867211272 1179.4215811323609 102.4349750576817 8.85392709181303
1.4441353383458648 1152.741422658436 101.2358315520538 8.847668534332861 1204.5281775949902 103.24475066287866 8.80792354136954
1.4490977443609023 1177.0019841230567 102.02535989626088 8.801930765682673 1229.7711430940014 104.03750377148536 8.761016555799475
1.45406015037594 1201.391658449962 102.79829030016631 8.75530002280845 1255.1405283703896 104.8127066313733 8.713192382154762
1.4590225563909776 1225.900906815611 103.55410966798178 8.707762646202994 1280.6259165773226 105.56981763177257 8.664437163471725
1.463984962406015 1250.5197428896688 104.29229137036933 8.659304865711476 1306.2164058764279 106.30828110778619 8.614736950917298
1.4689473684210528 1275.2377161033814 105.01229504473436 8.609912811931846 1331.9005916377835 107.02752715747933 8.564077717032308
1.4739097744360903 1300.0438945241087 105.71356640687014 8.559572528668062 1357.6665482567628 107.72697147324344 8.512445370140359
1.478872180451128 1324.926847347294 106.39553707557128 8.508269986504498 1383.5018106031973 108.40601518922355 8.459825769990314
1.4838345864661655 1349.8746270187771 107.05762441187763 8.455991097566471 1409.3933551219234 109.0640447467726 8.406204744706754
1.4887969924812032 1374.8747510041621 107.69923137481165 8.402721731540307 1435.3275806073525 109.70043178003095 8.351568109123075
1.4937593984962407 1399.9141832244097 108.31974639556074 8.348447733025521 1461.2902886767013 110.31453302380254 8.295901684573558
1.4987218045112782 1424.9793151806853 108.9185432722268 8.293154940296358 1487.2666639738152 110.90569024621922 8.239191320228638
1.503684210526316 1450.055946795038 109.49498108740906 8.236829205552583 1513.2412541368592 111.4732302086932 8.181422916055237
1.5086466165413535 1475.129266997722 110.04840415104945 8.179456416742147 1539.1979495696191 112.01646465591347 8.122582447488782
1.5136090225563912 1500.1838340963222 110.57814197113372 8.121022521040944 1565.1199630608426 112.53469033879787 8.06265599190593
1.5185714285714287 1525.203555966824 111.08350925502856 8.061513550078708 1590.9898093019292 113.02718907351903 8.001629756990228
1.5235338345864662 1550.1716701118212 111.56380594440078 8.000915647001088 1616.7892843591226 113.49322783989604 7.939490111083576
1.528496240601504 1575.070723636878 112.01831728687095 7.939215095461828 1642.4994451628659 113.93205892265081 7.876223615618983
1.5334586466165414 1599.8825532020833 112.44631394774292 7.876398350640476 1668.1005890842414 114.3429200992498 7.811817059732605
1.5384210526315791 1624.5882650124945 112.8470521653642 7.812452072383849 1693.5722336757315 114.72503487825065 7.746257497153371
1.5433834586466166 1649.1682149180288 113.21977395386679 7.7473631605699085 1718.893096661799 115.07761279231235 7.6795322854710415
1.5483458646616544 1673.6019887012912 113.56370735728318 7.681118792796392 1744.0410762728627 115.39984975020923 7.611629127881057
1.5533082706766919 1697.8683826394813 113.87806675922256 7.613706464495146 1768.9932320261767 115.69092845247651 7.542536117509059
1.5582706766917294 1721.9453844355578 114.16205325254612 7.545114031575649 1793.7257660661758 115.95001887549464 7.472241784413712
1.563233082706767 1745.8101546227722 114.4148550736939 7.475329755700359 1818.2140051873755 116.17627882906788 7.40073514536708
1.5681954887218046 1769.439008556768 114.63564810656894 7.4043423522952025 1842.432383674077 116.36885459279871 7.328005756510555
1.5731578947368423 1792.807399119321 114.82359646108225 7.332141041395184 1866.3544271019227 116.52688163674087 7.254043768979018
1.5781203007518798 1815.8899002695175 114.97785313175139 7.2587156014268235 1889.9527372597515 116.64948543211678 7.178839987586969
1.5830827067669173 1838.660191588731 115.09756074190565 7.1840564260219075 1913.1989783596846 116.73578235795183 7.1023859326596135
1.588045112781955 1861.091043979239 115.1818523793663 7.10815458395915 1936.063864723325 116.78488070994975 7.024673905093242
1.5930075187969925 1883.15430668761 115.22985252959339 7.031001882319382 1958.5171501360128 116.7958818177692 6.945697054715311
1.5979699248120303 1904.8208958385562 115.24067811258261 6.952590932939434 1980.5276190845539 116.76788127737579 6.865449452012644
1.6029323308270678 1926.0607846782361 115.21343962995266 6.872915222240192 2002.063080102974 116.69997030508544 6.783926163281138
1.6078947368421055 1946.8429957405513 115.1472424288563 6.791969184496264 2023.0903614684223 116.59123722015666 6.701123329243115
1.612857142857143 1967.1355951649853 115.04118808951709 6.709748278605442 2043.5753095043867 116.44076906286531 6.617038247163331
1.6178195488721805 1986.9056894096695 114.89437594331879 6.626249068403215 2063.4827897636014 116.24765335503847 6.531669456478096
1.6227819548872182 2006.119424619482 114.70590472851237 6.541469306556154 2082.776691381013 116.01098001016929 6.445016827941041
1.6277443609022557 2024.7419889248658 114.47487439067173 6.455408022051413 2101.4199349005403 115.7298434000678 6.3570816562603065
1.6327067669172934 2042.7376179631149 114.20038803506014 6.368065611281839 2119.374483898527 115.40334458512213 6.267866756190816
1.637669172932331 2060.0696039307277 113.8815540380972 6.279443932708277 2136.6013607404757 115.0305937150024 6.177376562013428
1.6426315789473687 2076.700308491631 113.51748832504796 6.189546405057339 2153.060666824958 114.61071260655653 6.085617230311412
1.6475939849624062 2092.591179881798 113.10731682092744 6.098378108987774 2168.7116076824486 114.14283750533602 5.992596745921813
1.6525563909774437 2107.7027745682103 112.65017808151873 6.005945892135154 2183.512523313021 113.62612203696017 5.898325030911796
1.6575187969924814 2121.9947838338753 112.1452261110727 5.912258477409948 2197.420924158249 113.05974035400845 5.802814056389285
1.662481203007519 2135.426065676525 111.59163337299802 5.81732657439449 2210.3935331183093 112.44289048380833 5.706077956928255
1.6674436090225566 2147.9546824225076 110.98859399944743 5.721162993648609 2222.386334031382 111.77479788164604 5.6081331473362575
1.6724060150375941 2159.53794446958 110.33532720517911 5.623782763693179 2233.354627050816 111.05471919361335 5.508998441463828
1.6773684210526316 2170.1324605843647 109.63108091050711 5.525203250400832 2243.2530913474325 110.28194623191459 5.408695172690365
1.6823308270676693 2179.694195189926 108.87513557745214 5.425444278478182 2252.0358555891335 109.45581016519719 5.307247315689057
1.6872932330827068 2188.178533086145 108.0668082623512 5.3245282546742825 2259.656576635593 108.57568592485435 5.204681609008785
1.6922556390977446 2195.54035205143 107.20545688725858 5.222480292300112 2266.0685268935367 107.64099682730645 5.101027677960568
1.697218045112782 2201.7341037776628 106.29048473142623 5.119328336591537 2271.2246907726503 106.65121941089413 4.996318157239159
1.7021804511278198 2206.7139035887835 105.3213451428579 5.015103290387188 2275.077870672706 105.60588848444695 4.890588812646875
1.7071428571428573 2210.4336293906513 104.2975464686252 4.909839139536587 2277.5808029221857 104.50460238303015 4.783878661228847
1.7121052631578948 2212.847030292945 103.21865720113595 4.803573077391965 2278.686284071261 103.34702842453333 4.676230089063112
1.7170676691729325 2213.9078453318903 102.08431133585503 4.696345627672356 2278.3473079203286 102.13290855881075 4.567688965884596
1.72203007518797 2213.5699327062716 100.89421393414827 4.58820076492241 2276.517213639712 100.86206519903871 4.458304755659595
1.7269924812030077 2211.7874099191736 99.64814688298046 4.479186031723348 2273.149845302026 99.53440722262366 4.348130622158552
1.7319548872180452 2208.514805192842 98.34597484111566 4.369352651748174 2268.199723112165 98.14993612669238 4.237223528515013
1.7369172932330827 2203.7072204905 96.98765135909804 4.258755637681681 2261.6222265768165 96.70875232071913 4.12564432969775
1.7418796992481205 2197.3205064444946 95.57322515800305 4.147453892965258 2253.373789800946 95.21106153604825 4.0134578567564585
1.746842105263158 2189.311449446617 94.10284654938249 4.0355103062608935 2243.412109049308 93.65718132965915 3.900732991659215
1.7518045112781957 2179.6379711069994 92.57677397615305 3.9229918374659754 2231.6963626416555 92.04754765641948 3.787542731475304
1.7567669172932332 2168.259340235056 90.99538065151927 3.809969594056665 2218.187443190237 90.3827214815841 3.6739642406268764
1.761729323308271 2155.1363974368787 89.35916127027494 3.696518896487465 2202.848202101347 88.66339540205595 3.5600788898853204
1.7666917293233084 2140.231792354003 87.66873876382414 3.582719331321441 2185.6437062111854 86.89040024277466 3.4459722807687188
1.771654135338346 2123.5102335045503 85.92487106771608 3.468654790740125 2166.5415063067167 85.06471159103998 3.331734253974795
1.7766165413533836 2104.9387506088788 84.12845786750773 3.3544134970450146 2145.5119172331806 83.18745622978636 3.2174588804836284
1.7815789473684212 2084.4869692065477 82.28054728617187 3.240088010749279 2122.5283091803885 81.25991842783776 3.1032444339651057
1.7865413533834589 2062.1273972940826 80.3823424737993 3.125775220856224 2097.5674096658777 79.28354604336411 2.9891933431581386
1.7915037593984964 2037.835723629798 78.43520805785292 3.0115763159236075 2070.609615642389 77.25995639466129 2.8754121229198035
1.7964661654135339 2011.5911272797775 76.44067641039388 2.8975967345466125 2041.6393150819522 75.19094185103233 2.762011282703061
1.8014285714285716 1983.3765979015525 74.40045368681808 2.7839460939266836 2010.645217313886 73.07847509543808 2.649105211294863
1.806390977443609 1953.1792661987647 72.31642558949096 2.670738095258772 1977.6206913353162 70.92471401019611 2.53681203674432
1.8113533834586468 1920.9907439233366 70.19066280886233 2.5580904047471855 1942.5641112726807 68.73200613720871 2.42525346052129
1.8163157894736843 1886.8074727601652 68.02542609449512 2.4461245091608532 1905.4792081197493 66.50289266460231 2.3145545650817305
1.821278195488722 1850.6310814106137 65.8231709091229 2.3349655449649305 1866.3754269228466 64.24011189435191 2.2048435941826456
1.8262406015037596 1812.4687501909593 63.58655162011678 2.2247421002050674 1825.2682885645718 61.9466021469853 2.096251705451595
1.831203007518797 1772.3335825014965 61.31842518525758 2.1155859884941393 1782.1797553982433 59.62550406396633 1.98891269493082
1.8361654135338348 1730.2449825952863 59.02185429304501 2.007631994637068 1737.1386000852908 57.28016227275896 1.8829626935235144
1.8411278195488723 1686.2290392020877 56.7001099224961 1.9010175916445153 1690.180777164598 54.91412638580897 1.7785398355095552
1.84609022556391 1640.3189147519788 54.35667329350292 1.7958826291219645 1641.349797128867 52.53115131235205 1.6757838995558694
1.8510526315789475 1592.5552402021221 51.99523718631963 1.6923689932713537 1590.6971030994973 50.13519687068492 1.5748359228994127
1.856015037593985 1542.9865158251305 49.61970661813973 1.5906202390153723 1538.2824506343968 47.73042669983653 1.4758377896725534
1.8609774436090227 1491.66951879109 47.23419887627654 1.490781195048934 1484.1742917462307 45.321206481993045 1.3789317946107382
1.8659398496240602 1438.6697189766383 44.84304292086949 1.392997542914744 1428.4501649225294 42.91210150213885 1.2842601836678633
1.870902255639098 1384.0617052237576 42.450778186549314 1.2974153715171894 1371.1970938286468 40.50787358893854 1.1919646733560303
1.8758646616541355 1327.9296252695785 40.06215283180154 1.2041807088010543 1312.5119985319288 38.11347750133376 1.1021859508748073
1.8808270676691732 1270.3676438494658 37.68212150796376 1.1134390326408738 1252.502124474202 35.73405684885449 1.0150631573661901
1.8857894736842107 1211.4804251025525 35.31584274723531 1.0253347632935548 1191.2854962808578 33.37493966238094 0.9307333568511993
1.8907518796992482 1151.3836475000662 32.96867610231891 0.9400107400716966 1128.9914057678507 31.041633764767596 0.8493309935879669
1.895714285714286 1090.204562202618 30.646179210403318 0.8576076851768992 1065.7609464768593 28.739822131091046 0.7709873407462169
1.9006766917293234 1028.082609235773 28.35410500335007 0.7782636578897499 1001.7476109236559 26.47535847716034 0.6958299433669831
1.9056390977443611 965.1701104341118 26.098399347084467 0.7021135025387105 937.1179716447787 24.254263373491142 0.6239820585724516
1.9106015037593986 901.6330641477925 23.88519947050702 0.6292882938537332 872.0524738967288 22.082721259882305 0.5555620959031959
1.9155639097744361 837.6520748258281 21.720833643944047 0.559914783443195 806.74637663674 19.96707883092131 0.4906830604062667
1.9205263157894739 773.4234616384238 19.611822697518278 0.4941148511791079 741.4108906352631 17.913845391323093 0.429452000675442
1.9254887218045114 709.1606056837481 17.564884146401653 0.43200496526685817 676.274579494504 15.929695951890153 0.37196946337357417
1.930451127819549 645.095617030307 15.586939931142524 0.37369565460812737 611.5851134017757 14.02147807371125 0.3183289547199853
1.9354135338345866 581.4814342962673 13.68512912315515 0.3192909967706564 547.6115003576015 12.196223803016437 0.2686164078556246
1.9403759398496243 518.5945160416704 11.866827439867961 0.2688881243222099 484.6469718356784 10.461168528092344 0.22290965261224233
1.9453383458646618 456.73835420910837 10.139676151741583 0.2225767513632917 423.0127796001907 8.823779318139259 0.1812778805199168
1.9503007518796993 396.2481514426363 8.511624100683889 0.18043872058295798 363.0632873739014 7.291796438549909 0.14378109207332082
1.955263157894737 337.49718594821024 6.990988363861561 0.14254756855185727 305.19294958149476 5.873293553681833 0.11046950374032367
1.9602255639097745 280.9056968806253 5.586542119577075 0.10896810240505062 249.84612959115475 4.576765190857259 0.08138287610345665
1.9651879699248123 226.9536764590266 4.307643554267997 0.07975597249344682 197.5313651691322 3.4112554582643497 0.05654969609303369
1.9701503759398498 176.20000743668788 3.1644294503998935 0.054957208477539155 148.84296751494549 2.386552278926274 0.03598609430164619
1.9751127819548875 129.31254643399006 2.1681166663197473 0.03460764909219686 104.49556773011136 1.513492623390448 0.019694281725013713
1.980075187969925 87.11865958587441 1.3314977130189618 0.01873210587260843 65.38380308456544 0.8044737148276226 0.007660126255030282
1.9850375939849625 50.69846289746056 0.6698240958205588 0.007342851771622823 32.6984549766421 0.2744043937520928 -0.00015055165974568277
1.99 21.583402854776068 0.2025953916116805 0.0004361847775437392 8.207857144188893 -0.05711787409018143 -0.00379320345042089
